5,23,26,27,37
5,23,26,27,37
2,12,15,23,40
22,23,25,32,41
5,10,12,13,17
9,32,34,38,40
1,3,4,11,29
5,9,11,16,42
18,21,26,28,36
1,2,20,28,36
5,19,25,34,39
12,13,21,27,28
15,17,26,31,38
8,20,29,37,42
3,4,6,34,38
3,28,31,32,40
9,21,29,32,35
28,36,37,38,41
13,15,18,23,24
3,20,26,34,42
7,9,10,11,28
19,25,29,38,39
10,15,21,37,42
3,26,34,35,42
5,6,32,41,42
3,12,22,32,41
10,13,19,34,41
4,10,14,30,32
11,25,31,34,41
1,9,13,31,36
3,10,15,16,20
11,20,23,26,36
5,12,25,28,38
14,25,27,28,29
4,12,14,27,41
15,24,26,31,40
18,30,31,35,39
6,9,34,37,38
1,15,23,30,42
4,5,16,26,35
7,19,28,33,35
7,11,15,28,41
12,24,27,28,39
5,6,8,17,20
15,24,32,34,35
11,13,19,32,41
2,17,31,32,33
21,22,34,40,41
13,18,27,30,41
10,19,25,28,30
2,8,17,20,31
23,26,27,35,40
1,4,7,10,13
14,24,25,27,32
6,16,29,37,38
2,10,25,28,42
9,18,22,30,31
15,19,20,27,36
3,5,10,22,39
13,20,23,33,38
9,12,13,17,27
7,19,20,23,39
5,6,19,26,41
9,11,24,28,39
3,7,15,36,37
3,4,8,9,24
1,5,20,21,37
1,8,12,19,20
2,3,15,21,26
5,11,26,31,35
15,24,26,28,37
3,19,28,33,37
9,16,20,27,31
3,11,17,35,40
12,13,17,29,32
5,25,32,36,38
7,17,24,26,39
2,19,25,34,41
5,6,10,35,37
24,31,35,39,42
12,16,19,32,42
11,22,36,39,41
7,11,22,32,36
12,27,28,36,41
4,6,7,11,37
5,24,26,28,41
2,14,26,38,41
6,23,29,35,40
17,21,23,24,26
3,5,17,25,39
10,16,20,30,38
1,9,10,17,40
5,22,24,28,29
2,12,18,23,29
1,10,17,36,40
1,3,9,30,32
1,16,20,25,39
5,7,12,21,40
10,14,25,26,41
6,9,13,23,37
17,18,30,31,40
3,4,6,12,18
1,10,29,36,40
4,12,17,22,24
8,14,22,27,30
3,13,18,36,38
14,15,30,38,40
6,23,26,38,42
2,5,10,34,39
5,10,17,26,40
2,14,19,26,30
10,14,23,31,32
1,23,35,37,42
9,12,20,27,41
11,15,22,32,33
6,9,24,26,35
1,14,19,20,29
12,26,34,41,42
2,7,20,21,32
16,19,28,30,33
3,13,22,24,32
2,10,18,29,36
21,26,28,34,42
3,13,30,36,40
7,11,16,24,37
10,11,21,22,38
6,20,26,34,38
3,5,24,27,30
7,10,17,18,28
2,7,23,34,40
6,10,25,26,35
5,7,25,27,29
15,20,26,40,41
4,13,31,34,35
15,24,29,30,37
1,5,8,30,36
2,5,7,9,35
5,20,23,34,40
5,13,18,33,36
9,30,34,35,42
19,31,32,34,40
18,28,31,34,36
2,6,16,20,30
1,15,17,26,31
11,16,21,35,42
11,15,16,21,41
3,7,25,31,33
14,25,33,37,40
6,12,17,22,29
15,17,21,23,32
7,9,11,17,26
6,9,16,24,25
5,6,25,28,37
12,16,36,41,42
5,9,16,23,41
21,23,33,38,42
5,9,15,35,37
3,6,20,30,34
2,15,26,30,41
1,3,15,25,26
15,26,27,28,29
21,27,29,33,37
5,14,27,32,37
9,13,31,38,40
6,13,22,28,31
2,4,30,35,36
4,20,23,36,39
4,6,14,33,37
1,7,18,29,40
7,11,23,32,38
4,13,18,21,32
8,12,16,23,40
27,28,35,38,39
14,17,23,35,40
8,13,15,26,39
1,3,4,10,37
11,16,20,23,26
9,18,19,26,42
9,12,13,20,32
17,18,29,30,33
11,14,17,24,29
21,24,29,30,41
5,25,39,40,42
3,10,11,13,21
19,23,24,28,39
9,13,15,19,29
6,8,12,24,25
3,17,20,32,37
9,11,25,31,34
5,20,28,33,37
14,15,22,30,38
5,6,13,15,34
9,18,22,29,33
6,10,31,32,42
5,8,10,28,39
6,14,24,25,31
18,19,22,34,39
4,6,12,16,39
6,10,13,22,29
4,6,10,32,38
3,9,21,34,37
8,11,12,14,30
16,18,28,37,39
3,9,12,16,19
3,12,23,38,39
8,17,26,33,41
20,28,30,37,40
13,18,34,37,41
9,11,15,16,21
5,8,29,39,40
6,15,30,33,38
2,27,33,39,41
5,12,21,26,36
1,8,17,27,38
18,32,35,38,40
10,12,15,22,29
15,17,19,32,36
2,10,20,27,34
7,9,18,21,24
3,24,30,31,32
11,15,16,21,38
10,13,19,20,29
8,10,15,19,20
12,18,23,30,33
6,9,14,34,38
2,14,16,21,34
13,17,30,33,37
4,6,22,26,38
17,20,24,28,38
15,20,22,24,30
13,20,23,36,42
15,21,34,36,39
7,9,10,17,42
6,16,18,23,35
4,19,25,29,41
3,14,23,31,34
2,3,15,21,38
1,3,6,26,35
5,8,9,11,42
3,5,22,29,31
12,14,26,37,40
6,15,30,35,36
3,7,20,30,42
1,9,10,13,35
5,7,10,31,35
12,22,23,29,31
5,7,18,24,32
6,10,11,18,29
12,18,24,25,39
3,20,28,30,38
4,7,33,35,36
9,11,17,37,42
11,13,29,30,39
2,7,18,20,33
26,28,35,40,42
2,9,16,22,37
1,7,26,27,31
4,6,13,16,20
10,18,21,25,35
4,6,8,35,42
7,12,20,21,36
8,15,25,30,40
3,12,13,25,30
3,15,21,37,38
16,17,18,34,35
5,9,34,39,41
1,2,15,16,31
2,5,8,19,33
6,20,25,37,41
6,14,32,36,40
6,7,18,25,40
11,29,40,41,42
3,7,10,27,36
22,25,26,30,36
18,19,33,36,42
10,11,27,34,36
25,32,33,37,38
20,31,33,36,37
22,27,32,34,42
11,16,22,26,37
13,20,28,30,35
1,5,14,34,41
6,8,19,21,42
2,20,21,23,29
3,14,15,16,17
15,21,22,29,40
10,13,14,22,34
3,6,18,19,27
6,8,23,26,35
2,10,13,23,39
5,16,21,33,40
17,20,25,31,32
5,12,17,24,32
11,16,18,32,42
2,23,27,34,38
10,16,29,35,42
2,8,16,30,36
3,4,18,26,37
2,5,17,22,36
7,15,16,19,39
7,18,19,24,40
18,26,28,37,42
3,8,20,21,31
4,19,22,24,29
1,5,12,16,40
13,25,32,35,39
2,7,9,12,17
3,14,23,35,41
3,11,19,34,37
3,9,13,25,32
6,8,9,16,37
1,7,15,27,42
3,13,20,26,41
2,5,19,36,42
6,9,21,31,37
1,4,9,14,17
13,28,31,34,35
5,25,28,31,33
19,22,26,30,31
2,10,12,16,27
10,17,23,33,41
3,6,7,23,24
2,21,22,31,42
6,15,29,30,34
1,11,17,24,37
14,26,29,38,39
2,26,29,37,39
10,30,31,39,42
3,13,17,31,38
1,5,6,30,41
5,7,14,19,32
4,9,18,19,27
20,21,26,37,38
12,19,30,33,34
10,12,13,16,23
1,11,13,21,37
1,14,20,33,40
5,19,22,23,29
19,31,34,37,41
8,9,18,27,41
7,11,21,32,42
1,11,18,20,21
4,19,32,35,40
10,13,14,27,42
6,10,14,27,41
4,11,20,23,32
20,22,28,34,42
8,18,25,28,38
1,33,34,35,38
4,8,17,23,41
6,12,20,24,27
2,3,5,30,33
14,15,24,27,42
7,11,12,17,27
9,13,16,21,28
4,10,13,36,40
11,15,19,26,40
15,21,26,28,34
21,22,25,32,39
3,4,12,20,34
4,6,11,34,42
13,23,36,38,40
17,19,20,21,39
15,25,26,27,29
6,12,16,23,26
1,15,19,21,39
1,10,25,31,38
1,4,5,33,42
15,21,23,28,35
8,10,28,32,34
3,5,19,33,35
2,5,8,10,38
2,22,26,28,39
7,18,20,25,35
2,4,21,29,36
6,11,18,27,36
9,21,23,29,37
6,7,12,28,32
5,16,28,35,37
17,24,30,31,32
12,30,34,37,40
1,7,25,39,42
10,11,12,25,34
1,6,15,16,19
6,9,15,16,34
2,4,5,13,18
11,13,18,22,23
8,9,11,15,29
4,16,17,26,32
1,27,28,31,34
10,18,23,38,39
1,7,23,36,37
2,4,13,16,26
4,14,27,32,35
5,14,24,32,37
13,15,17,26,40
7,13,19,20,38
5,8,27,36,38
6,25,31,34,42
7,8,26,36,42
6,23,24,35,42
16,18,22,37,39
4,17,18,22,32
1,6,12,13,31
18,27,28,38,42
16,20,23,29,31
11,14,15,28,30
4,8,19,32,36
3,14,26,30,41
3,16,18,36,37
14,15,20,27,28
5,9,10,23,28
11,12,23,38,41
10,14,25,29,37
18,24,31,34,42
1,25,33,40,42
11,12,28,36,37
9,13,18,24,28
14,16,22,25,32
7,11,12,38,39
19,24,32,34,39
1,3,8,14,28
6,14,18,22,35
6,22,26,29,33
2,3,5,16,31
1,3,10,12,29
14,21,23,25,31
16,23,26,30,41
11,12,23,24,35
12,23,26,28,40
1,24,29,31,41
2,4,14,19,21
4,26,32,33,36
7,10,11,17,35
1,3,6,10,26
4,11,18,35,36
1,13,15,24,28
2,14,20,27,35
3,8,11,25,33
19,31,35,38,39
21,22,25,30,40
7,8,19,32,34
4,12,27,37,38
9,11,15,18,27
4,5,17,20,26
17,20,27,31,33
3,8,15,17,18
2,7,25,32,38
10,15,26,31,42
5,22,26,30,36
3,10,15,25,28
5,11,16,38,39
14,18,21,25,26
8,15,20,22,23
9,10,28,30,40
2,4,15,20,29
2,3,17,34,42
2,10,20,32,39
6,12,24,31,40
3,15,18,29,36
4,10,13,16,31
22,25,28,35,40
3,25,26,31,40
4,6,9,17,38
8,16,17,18,24
9,14,20,21,32
2,9,21,25,37
10,24,25,28,37
6,13,17,30,34
1,6,22,28,35
1,6,28,34,37
13,27,29,36,37
2,10,31,40,41
16,18,22,31,35
3,7,10,14,27
4,7,32,34,41
4,12,16,17,41
1,2,25,29,32
10,28,30,33,36
4,12,17,27,29
4,5,24,26,37
2,7,24,31,38
21,22,27,28,40
2,5,9,10,42
18,29,31,40,41
6,13,18,19,33
7,30,36,37,41
2,3,20,22,34
9,11,33,35,36
11,12,19,26,38
8,24,31,37,39
4,18,26,32,34
1,7,31,33,40
1,2,12,25,26
5,15,16,22,35
24,28,29,30,32
2,4,8,31,34
2,7,15,21,35
11,15,21,25,29
2,3,4,16,35
7,17,24,28,37
1,15,20,28,42
8,11,13,21,27
10,18,32,35,36
4,6,25,26,28
3,5,19,26,30
7,16,21,27,29
6,13,16,30,42
6,12,26,36,41
13,18,19,25,29
4,10,17,26,34
4,13,24,28,39
17,19,20,22,29
8,10,22,23,29
4,21,28,37,40
5,8,9,26,33
1,9,17,27,41
2,6,7,28,33
17,20,22,27,28
16,19,26,28,33
2,16,21,31,35
1,17,35,39,41
6,17,23,24,33
7,15,22,37,39
4,5,27,29,32
15,19,21,40,42
10,13,20,26,30
5,12,31,34,38
6,14,19,22,27
6,19,27,38,41
3,5,8,22,28
2,9,12,18,42
2,3,10,35,41
10,18,21,25,26
2,3,28,32,34
2,11,17,18,30
10,13,23,24,28
6,18,23,28,30
6,7,10,19,25
1,11,16,19,37
8,17,34,35,37
5,11,20,25,40
16,20,30,40,41
11,12,23,27,38
2,7,8,23,39
9,21,25,36,42
2,4,7,31,36
5,11,22,30,33
19,24,26,39,42
4,6,18,20,27
10,24,29,33,36
6,14,23,35,41
12,13,14,33,35
6,19,22,23,24
16,20,21,23,36
6,18,24,27,38
9,15,26,33,40
12,18,28,37,42
16,30,32,34,37
5,6,19,22,24
10,14,15,29,30
5,6,23,31,34
16,21,26,28,29
11,20,26,36,38
6,15,16,17,32
5,8,21,36,40
9,13,26,31,36
2,5,12,17,27
1,8,9,22,30
11,16,21,27,32
1,11,28,34,41
8,17,26,39,40
8,15,21,28,42
17,19,23,26,34
9,21,24,26,33
2,8,27,31,32
6,7,9,19,24
23,24,32,38,41
3,33,34,37,40
2,24,33,34,39
5,8,18,22,35
22,24,32,34,36
10,22,25,28,30
2,3,4,8,15
16,22,34,39,42
23,24,29,34,35
13,15,28,30,31
6,7,19,25,30
2,4,20,26,39
16,17,31,34,38
5,9,20,33,35
15,16,17,19,33
13,16,25,30,39
18,21,27,29,31
8,17,18,33,41
1,17,20,33,41
12,17,20,34,36
4,5,17,36,40
15,16,21,33,36
3,8,10,19,41
2,4,17,22,27
9,15,18,25,31
16,21,24,30,38
7,18,29,30,40
2,19,26,27,39
1,2,27,33,39
3,7,17,28,38
13,16,28,31,35
2,6,31,33,35
1,4,10,24,30
8,17,24,38,42
3,8,10,27,42
15,16,17,20,27
13,16,22,29,37
1,9,23,24,31
4,17,19,24,33
3,12,22,26,31
19,27,31,33,37
7,18,22,31,42
3,18,19,21,28
5,12,22,36,38
8,12,24,31,35
4,5,9,19,25
4,5,16,32,42
7,8,16,36,42
1,7,18,33,42
3,12,17,30,37
5,10,22,38,40
15,16,20,27,30
1,3,8,12,35
4,21,28,29,41
16,17,24,37,42
17,20,30,33,37
13,22,29,32,41
1,26,27,40,41
13,17,25,28,41
3,11,32,36,39
13,34,36,39,40
2,19,25,29,39
1,5,10,36,39
2,5,22,26,41
1,14,19,33,39
6,9,11,17,31
2,10,27,38,41
2,24,27,41,42
13,25,26,28,37
20,21,23,35,42
4,5,9,11,20
7,12,21,31,36
9,11,20,33,40
3,13,18,20,32
13,21,22,25,28
10,22,29,35,36
14,29,35,37,38
2,14,19,40,42
11,24,37,41,42
5,10,14,32,34
6,15,17,30,41
10,13,29,38,41
5,17,24,26,38
27,34,36,40,42
22,28,32,37,42
12,21,23,25,40
2,3,21,27,31
1,8,10,21,25
2,5,15,17,21
2,14,29,39,42
21,28,30,31,34
12,19,21,28,33
20,21,33,37,41
2,12,18,37,39
1,5,9,15,40
1,6,10,40,41
20,21,33,35,41
1,2,6,14,40
1,5,13,31,38
15,22,26,29,31
10,28,35,39,42
3,8,13,19,23
10,13,27,28,30
1,14,20,24,32
6,11,12,34,40
1,3,6,12,18
16,22,32,35,38
5,11,17,30,39
1,9,23,27,39
4,18,24,36,38
9,12,14,21,30
6,9,23,34,35
7,12,17,18,35
21,33,34,35,40
2,17,18,27,35
11,12,17,23,24
13,21,23,26,42
12,16,26,33,42
9,18,20,40,41
3,5,16,22,39
11,12,26,29,37
10,19,23,27,33
2,6,15,24,30
4,15,20,30,38
6,20,24,26,35
1,9,29,31,32
6,19,26,28,35
16,19,20,21,40
8,20,29,37,42
9,19,20,21,36
9,17,21,28,31
6,7,19,24,29
2,5,30,40,41
11,16,19,23,27
5,14,16,23,33
10,13,20,36,40
1,15,19,26,39
13,15,19,27,32
2,5,16,23,40
3,8,20,36,42
1,3,26,33,36
12,20,23,24,36
2,7,18,26,27
1,12,17,19,34
3,12,13,21,32
8,9,12,28,38
2,3,8,30,33
9,10,30,35,36
1,2,4,24,40
8,19,21,28,33
9,11,13,31,38
3,17,21,22,25
5,10,22,24,26
13,14,32,34,42
11,13,14,19,28
5,33,35,36,37
6,10,23,31,39
8,26,33,34,37
14,24,33,34,38
3,10,18,21,26
14,15,23,36,38
1,13,28,33,38
2,7,12,23,41
4,10,19,31,33
2,3,25,33,42
2,20,24,39,42
7,12,32,38,40
5,11,13,25,30
5,9,22,29,30
6,12,30,32,42
11,16,17,35,42
5,11,15,39,40
7,8,11,23,27
8,27,29,31,36
4,18,30,32,37
2,6,9,15,29
2,9,17,26,36
4,13,18,19,29
8,12,14,24,37
2,7,14,19,31
13,25,29,38,41
3,6,8,26,27
7,18,27,35,41
6,13,19,25,31
8,19,30,33,41
11,18,19,25,35
4,9,12,16,20
11,16,24,28,38
7,21,25,29,35
6,13,17,24,36
10,13,31,35,37
27,30,37,40,41
18,19,29,31,41
2,23,30,34,40
2,3,12,15,21
12,24,29,30,33
18,19,23,25,29
10,13,21,23,32
2,5,6,13,21
6,8,9,11,21
11,23,30,37,42
13,15,16,19,33
5,27,28,32,40
3,20,31,34,35
2,8,18,24,32
5,11,19,30,31
4,6,15,35,36
20,25,31,32,36
2,32,34,36,42
7,16,25,32,41
8,20,28,37,40
21,29,33,35,42
8,11,19,20,34
7,12,13,15,40
7,24,32,36,41
12,27,33,35,37
3,4,17,23,37
4,8,11,18,28
18,27,31,34,36
2,10,14,18,28
4,7,24,30,35
6,15,38,40,41
3,8,14,19,32
1,8,10,33,34
6,18,20,27,33
13,14,15,23,39
1,9,11,33,39
13,14,18,25,40
4,21,23,25,27
10,18,27,30,41
3,12,27,36,41
11,15,18,25,31
15,29,30,32,41
11,16,26,37,39
5,6,11,17,42
8,14,18,26,41
5,17,22,30,40
8,21,25,33,36
17,21,23,27,30
2,16,23,30,37
4,15,17,36,37
7,18,29,32,35
17,19,20,30,31
16,19,20,23,37
2,5,15,33,36
3,23,31,37,38
2,5,6,10,41
17,27,31,35,41
7,11,20,21,32
2,9,28,29,36
9,15,16,24,28
3,17,25,28,40
2,6,13,23,42
7,8,10,17,22
6,17,25,38,41
25,29,31,32,34
5,22,26,28,42
1,8,22,34,40
1,4,22,35,41
5,11,20,22,36
7,9,15,28,33
15,19,30,31,32
5,11,17,21,38
4,13,14,31,41
5,7,20,29,37
4,7,27,38,41
2,4,17,35,37
2,3,17,20,41
6,11,17,34,38
4,6,16,30,39
1,12,22,35,36
6,7,23,27,28
10,13,27,28,33
4,9,21,35,41
8,11,16,25,28
1,19,20,31,33
7,11,13,18,36
7,12,14,15,42
5,14,23,31,35
1,3,10,13,35
2,24,31,32,40
4,20,24,34,41
3,8,23,32,34
4,12,26,33,42
3,14,26,28,31
4,7,25,30,39
11,14,15,20,36
7,11,20,26,32
7,12,14,23,34
1,19,22,29,42
9,26,29,34,42
20,24,34,41,42
14,17,19,31,32
5,19,23,29,37
17,21,30,39,41
17,26,34,39,40
3,11,13,22,27
11,16,19,34,42
2,18,22,27,30
4,16,21,23,26
1,6,17,21,29
3,8,12,29,32
17,22,24,35,41
9,29,32,33,34
2,8,21,27,29
3,18,26,32,40
15,20,21,27,35
5,10,11,22,42
9,16,17,31,37
6,9,12,27,37
10,21,39,40,42
8,21,25,35,37
8,14,16,17,29
5,6,17,38,39
4,8,11,14,42
3,10,22,32,40
13,24,25,33,40
9,12,18,31,33
3,15,21,27,41
4,9,17,32,35
13,18,37,40,42
13,22,27,37,40
1,7,22,24,34
18,26,27,30,36
24,36,38,39,41
5,6,23,34,39
3,20,23,28,33
20,26,28,29,41
6,14,15,19,30
11,18,19,30,35
3,9,29,30,37
13,17,24,33,35
2,4,5,11,40
17,25,38,41,42
5,7,11,12,37
6,13,20,33,38
7,13,23,25,41
3,16,18,25,40
4,8,10,33,39
7,13,20,26,34
9,20,31,38,41
1,4,16,21,39
5,17,27,36,38
2,4,18,26,39
15,18,21,37,40
1,8,13,21,33
12,15,19,32,39
1,8,14,16,40
8,14,17,35,42
4,9,22,26,39
13,16,22,32,42
5,16,18,22,30
8,13,18,19,32
7,18,24,33,35
4,7,16,25,42
21,22,23,28,39
4,9,16,22,29
20,22,24,26,37
3,7,13,33,39
4,12,18,20,38
7,11,18,23,25
4,23,26,27,38
3,15,17,23,28
11,19,26,34,36
9,11,17,30,33
5,12,29,31,35
4,18,25,30,41
4,16,20,29,38
16,17,20,27,29
4,5,20,27,41
12,23,31,34,39
1,5,13,37,39
7,9,21,26,34
3,9,11,22,39
8,18,21,33,36
11,13,31,39,41
2,21,25,30,31
9,10,17,18,37
17,19,29,36,40
10,11,23,24,42
1,7,8,10,23
2,5,16,35,42
7,10,20,24,35
7,9,12,24,37
1,5,10,24,29
1,18,30,32,37
4,11,19,28,42
4,16,22,23,25
7,11,21,23,24
5,10,16,23,28
10,19,30,34,38
3,13,17,35,39
8,10,17,18,33
12,30,31,37,39
20,29,35,37,38
4,19,21,31,37
12,15,22,25,34
5,8,10,14,41
13,21,29,32,38
4,5,10,11,30
2,11,14,36,42
6,17,23,29,37
9,10,28,31,37
12,16,27,33,34
2,5,15,17,38
1,29,33,34,39
7,10,31,32,36
7,25,30,32,36
11,18,22,30,38
6,8,26,29,37
10,21,22,23,36
20,21,22,25,28
3,9,15,21,30
6,19,21,33,41
20,27,35,37,41
1,21,25,32,36
9,15,22,23,33
10,16,21,25,32
3,11,21,29,34
13,14,19,30,41
9,15,16,28,36
10,13,27,36,39
6,11,21,25,39
2,9,13,38,39
3,6,9,40,41
5,17,26,27,37
27,28,29,39,41
2,22,27,30,33
7,26,36,37,42
25,29,30,32,34
15,20,22,36,37
12,22,29,31,40
8,16,18,19,38
6,21,22,27,41
4,8,17,18,31
12,13,15,29,40
2,6,14,22,32
2,6,7,22,24
1,28,31,33,37
1,21,24,30,38
2,6,12,33,37
15,22,30,32,33
2,3,4,14,32
3,4,18,36,42
6,15,18,21,30
15,22,32,34,36
8,16,26,28,32
3,7,20,22,36
13,16,24,35,37
7,8,17,27,35
7,19,20,21,38
8,18,28,35,37
21,26,30,34,39
1,6,18,23,39
6,17,28,35,38
14,15,17,29,38
3,6,7,34,38
9,18,23,27,33
8,14,15,28,39
1,9,11,22,33
7,14,22,40,41
20,22,24,26,29
5,22,30,31,34
1,11,15,19,28
14,19,23,30,40
5,15,30,34,39
7,8,27,39,42
2,7,8,13,14
6,33,37,38,40
1,5,15,30,37
9,20,22,31,41
3,12,16,21,38
2,9,17,26,29
3,17,25,26,29
4,21,35,36,38
2,14,17,34,41
24,26,28,31,42
7,8,11,18,39
3,15,23,31,35
20,26,31,32,35
4,14,18,19,21
11,17,26,31,39
5,15,27,30,31
6,11,22,38,42
1,4,19,26,30
4,7,25,31,39
4,12,13,29,36
1,3,4,24,29
4,7,17,23,26
14,17,18,25,29
9,14,27,40,41
1,9,15,22,34
22,23,29,38,42
6,8,25,32,38
2,3,11,29,40
15,16,22,26,30
6,8,9,11,15
21,27,30,39,40
2,7,18,26,28
1,22,23,38,39
29,30,34,36,41
3,23,30,36,40
13,15,22,29,30
9,26,30,35,42
14,23,26,33,40
5,23,25,33,39
11,14,20,23,34
5,10,14,19,26
14,21,30,37,42
2,11,22,28,29
1,25,32,37,39
5,26,28,30,37
1,13,18,26,41
5,8,20,22,40
1,2,14,25,35
6,7,8,21,41
5,9,15,16,33
14,27,35,39,42
4,15,16,22,30
1,2,7,10,32
5,17,23,29,37
5,24,25,30,39
8,13,20,26,37
15,21,30,34,38
1,3,22,29,42
10,17,20,25,40
14,22,27,32,35
6,26,30,36,39
1,16,23,28,40
10,14,20,33,41
7,9,25,28,35
4,7,15,21,30
5,9,19,22,23
1,5,7,17,32
15,18,19,27,33
4,8,21,23,35
6,9,21,23,39
10,14,21,26,36
7,11,26,32,35
1,2,5,6,23
1,8,29,37,42
9,10,15,34,39
12,22,28,34,41
14,16,32,34,36
1,9,16,24,30
11,13,24,25,35
25,26,36,40,42
2,16,22,24,41
6,7,10,16,41
2,12,14,19,28
9,10,11,24,39
1,8,18,25,30
10,17,21,28,33
3,8,32,34,42
3,5,6,7,20
1,13,24,28,29
4,7,11,27,34
3,8,15,21,24
7,19,25,37,39
10,25,28,31,40
7,15,18,25,33
2,10,11,18,19
4,5,8,18,35
4,5,13,15,18
1,7,8,9,18
3,6,10,35,38
1,12,16,25,37
6,22,29,30,31
2,9,17,22,40
13,18,35,39,41
5,10,13,16,31
11,20,27,28,33
5,22,29,38,40
11,17,19,21,39
6,18,28,36,39
15,31,33,39,41
2,8,19,34,42
6,15,17,23,36
2,8,14,16,29
18,29,30,31,33
8,15,21,35,39
4,14,17,25,35
24,29,33,34,41
4,17,23,29,41
17,18,30,32,34
8,21,36,41,42
5,6,17,29,33
7,15,16,22,30
7,19,23,27,36
5,19,31,32,33
2,21,26,30,33
10,33,37,38,41
19,23,25,36,38
11,13,17,21,28
7,11,14,25,35
7,10,15,27,30
14,23,31,35,39
5,13,38,39,41
9,21,27,36,41
3,26,27,28,34
4,8,29,31,32
4,5,12,14,40
19,22,26,28,40
7,10,11,17,22
6,12,18,27,33
2,7,15,29,33
6,24,25,40,42
5,18,21,29,36
1,20,28,35,39
4,6,13,14,34
6,7,20,36,41
16,21,24,37,38
5,8,20,25,40
3,9,23,29,41
5,22,28,30,38
11,15,22,34,41
9,10,18,20,24
10,24,30,34,41
3,9,15,19,34
2,9,12,30,40
1,9,12,18,38
16,18,19,20,23
1,7,12,24,30
11,12,13,34,38
3,7,23,24,30
1,8,25,27,30
13,18,24,31,40
7,8,33,39,40
1,4,13,15,28
13,18,19,27,40
16,18,24,28,42
9,22,26,30,40
1,10,11,28,29
9,16,31,36,38
11,13,22,23,34
2,3,17,29,31
2,10,13,20,21
12,18,29,30,39
2,5,10,24,42
2,12,17,23,33
6,24,32,35,41
5,19,21,37,38
3,21,26,30,31
1,5,10,17,21
17,24,25,27,42
6,16,23,39,41
1,10,20,26,27
11,21,25,30,33
1,4,25,26,37
10,21,33,37,42
1,2,21,27,28
4,7,8,10,23
2,7,11,36,42
9,16,17,24,29
7,12,15,21,28
12,14,16,30,33
6,10,11,34,36
1,2,16,29,35
6,19,34,39,40
8,14,37,39,42
3,8,15,20,31
24,26,31,32,36
30,32,35,36,39
6,11,18,30,42
2,3,8,28,42
1,17,27,31,42
8,11,26,34,39
2,6,24,31,37
9,28,29,30,37
11,13,14,35,41
7,10,19,22,29
8,33,38,39,42
2,3,11,19,34
2,5,10,11,18
2,16,28,30,36
8,31,36,38,42
17,19,20,21,42
10,22,34,38,39
10,23,29,37,39
8,14,28,34,38
4,28,29,36,42
2,9,11,21,24
2,3,4,16,36
1,23,26,28,39
2,7,10,24,34
13,20,28,30,40
2,5,8,32,39
13,17,27,31,39
1,6,26,30,32
6,13,21,23,34
6,12,20,29,37
1,8,16,29,33
2,5,11,12,40
1,8,10,19,23
7,15,17,39,42
1,23,36,37,42
6,8,12,15,23
3,11,21,22,24
18,26,33,34,40
4,16,20,31,38
5,10,24,27,42
4,14,27,28,36
2,5,31,38,42
10,23,25,33,42
8,14,33,34,42
7,28,34,36,38
16,17,26,27,42
4,13,14,19,25
3,5,12,22,31
7,18,29,33,40
5,9,14,23,37
10,17,22,27,40
4,21,34,35,39
2,18,21,24,26
13,17,19,22,23
6,9,13,20,29
6,8,15,33,40
4,13,15,26,40
5,11,16,17,36
17,20,21,27,40
21,22,35,36,42
2,30,32,33,38
9,10,18,31,35
2,22,29,35,38
3,5,19,25,42
2,6,19,39,42
4,9,14,21,37
2,17,18,23,37
1,5,23,27,30
18,20,31,33,37
16,23,27,29,41
5,7,9,32,40
20,27,29,32,36
13,15,33,34,42
3,5,10,12,29
20,23,33,39,40
12,17,24,37,42
2,3,6,33,40
6,14,19,38,40
1,7,32,35,38
4,9,10,24,36
7,11,13,31,39
16,24,27,37,39
3,7,14,20,31
4,5,31,39,41
1,3,19,20,31
9,10,12,34,40
11,25,31,35,38
2,20,28,39,41
7,17,21,30,35
1,16,29,37,41
9,13,19,28,31
3,4,6,15,34
22,23,24,26,31
5,22,27,34,36
2,3,22,24,40
2,4,5,14,21
6,17,22,32,38
6,7,14,27,40
25,26,28,29,36
11,22,24,28,38
3,20,24,25,41
11,17,19,34,40
9,13,14,18,37
8,11,12,21,26
7,11,15,16,17
6,7,10,18,23
6,13,24,36,41
4,14,33,39,40
6,15,27,28,40
1,8,23,29,42
12,16,27,28,30
8,12,16,19,20
6,22,29,40,41
8,13,15,31,40
3,4,5,22,36
2,5,7,14,25
2,4,6,25,41
14,16,25,31,37
4,14,36,40,41
19,28,29,40,41
1,4,13,16,39
3,6,23,24,35
7,9,14,25,36
10,13,35,38,41
9,17,31,35,39
8,9,27,30,31
7,13,18,21,26
7,12,19,22,41
2,11,24,25,35
11,15,20,23,42
6,19,23,27,35
7,13,22,25,32
1,7,14,17,26
9,22,30,31,36
2,14,24,27,38
1,3,16,28,32
1,8,15,16,21
4,16,17,23,39
5,7,9,17,19
6,18,24,27,33
7,13,22,34,35
6,13,21,24,25
2,3,17,18,38
5,14,17,28,42
13,28,32,39,40
12,34,36,40,42
11,17,26,31,37
3,7,9,34,41
3,15,21,29,31
13,15,26,28,35
7,9,20,37,41
15,21,23,25,35
2,15,26,27,39
5,17,27,30,40
19,22,28,29,30
2,3,28,30,34
2,5,8,21,35
5,13,19,21,41
3,7,18,25,32
4,9,17,20,33
2,16,22,34,41
1,15,26,27,34
11,17,28,29,40
2,3,7,8,18
1,2,6,12,32
9,26,34,36,42
4,7,17,20,38
5,7,9,10,12
10,36,37,39,41
2,11,30,37,41
5,7,21,27,36
15,19,21,28,36
1,20,22,23,31
10,26,28,36,40
5,15,25,34,40
1,16,22,38,42
9,17,18,29,42
6,18,23,39,40
8,9,18,29,30
5,6,16,31,35
17,21,36,40,41
8,13,23,30,36
7,12,20,23,41
17,27,28,34,35
5,7,14,31,41
6,10,14,27,33
8,24,33,34,35
10,27,33,38,39
5,14,31,34,35
1,6,12,19,30
8,14,20,29,34
1,8,18,30,42
3,14,26,37,39
2,20,30,34,36
2,4,15,25,40
1,4,7,11,30
4,8,15,18,21
7,11,23,28,40
4,16,18,22,41
9,14,15,37,40
8,13,14,24,33
15,23,33,37,41
2,3,9,24,37
1,2,20,37,41
24,32,36,39,42
2,9,23,31,33
2,29,31,32,38
11,14,20,24,29
6,13,14,40,42
3,17,34,37,39
1,15,32,34,38
10,18,24,25,26
18,20,26,37,42
8,16,23,36,37
2,7,16,19,23
5,7,19,26,27
3,8,19,27,40
7,8,10,12,28
6,12,13,18,31
7,15,28,35,36
12,16,18,19,38
1,7,24,39,41
7,12,15,23,28
1,10,11,15,30
1,8,12,32,37
2,30,33,38,39
7,13,19,26,30
14,16,19,25,28
7,27,33,37,42
4,7,20,32,34
5,14,15,28,31
2,10,14,16,31
11,16,23,33,40
3,6,11,26,31
8,16,22,26,35
22,26,27,28,30
5,8,9,19,37
12,16,23,38,41
16,18,32,34,42
5,16,21,26,28
4,5,17,23,32
7,11,20,31,39
1,6,27,29,41
7,14,16,28,39
4,9,10,21,29
11,20,23,27,40
10,21,22,30,38
6,10,13,29,30
16,17,20,27,37
8,13,24,25,39
4,5,10,11,40
4,28,35,37,39
8,11,16,30,34
1,26,30,35,38
1,5,11,15,17
11,16,22,32,35
3,4,15,23,28
7,11,17,20,36
3,10,29,32,37
1,6,17,30,33
4,8,14,32,38
3,9,17,31,34
15,18,31,32,42
8,11,15,26,29
2,9,14,18,31
2,3,7,15,38
6,13,14,27,42
1,3,19,24,31
9,12,13,14,38
6,8,17,18,30
6,7,8,20,34
5,7,27,29,36
4,10,11,18,28
11,20,21,22,42
5,11,26,40,41
9,13,37,38,39
8,11,26,31,39
3,10,11,37,40
4,15,18,21,34
3,7,21,23,42
4,7,13,17,30
1,9,14,36,41
2,3,12,32,36
5,6,9,18,37
2,13,20,25,37
7,8,28,29,36
12,19,35,37,41
5,11,24,33,38
3,7,19,27,30
9,13,17,29,37
5,14,17,30,31
5,7,20,35,40
10,13,21,22,40
16,21,22,28,40
12,13,19,26,42
14,29,33,38,41
16,17,23,36,38
15,32,34,40,42
6,10,18,27,36
1,3,29,30,41
16,18,20,29,42
9,15,30,31,38
9,11,14,20,31
21,25,26,28,40
8,26,30,31,42
13,17,19,31,42
16,20,22,24,31
11,17,27,28,39
13,16,20,24,25
3,6,21,29,32
6,15,17,41,42
4,9,24,31,36
3,13,17,20,23
5,15,28,34,40
14,15,19,28,34
8,28,31,38,39
9,15,17,18,32
10,11,15,30,38
2,10,11,37,38
8,12,21,26,29
13,17,23,24,42
5,20,28,29,38
1,6,15,18,42
10,12,23,30,41
10,14,23,24,38
3,16,31,35,39
6,7,21,29,35
9,11,18,35,36
3,9,15,17,33
1,7,24,30,38
3,11,31,34,38
6,8,14,30,39
11,24,25,33,40
4,8,11,23,34
1,9,19,26,29
8,11,24,25,36
3,8,10,18,36
10,17,19,36,38
8,14,16,26,35
3,7,26,39,42
5,10,11,15,20
3,9,20,21,22
1,12,19,35,37
2,7,9,12,25
4,10,21,36,41
1,15,24,27,30
2,11,19,31,35
10,16,19,21,42
15,22,30,33,34
9,14,15,17,32
2,13,16,19,39
6,8,16,38,41
3,5,29,31,38
9,17,19,26,27
9,15,28,30,39
6,16,19,25,29
1,11,12,13,41
1,9,14,26,42
14,24,25,34,36
2,15,21,31,35
11,18,21,25,30
3,4,14,27,39
9,13,27,33,41
17,24,25,26,29
9,21,27,39,42
4,19,23,26,36
3,8,19,29,34
11,14,19,24,26
7,15,25,29,38
4,13,29,35,39
9,19,33,34,38
6,11,21,38,40
3,5,7,13,20
13,19,23,33,39
6,16,18,20,31
30,31,34,37,41
7,17,18,20,24
15,27,31,35,39
4,6,24,35,37
7,21,25,35,37
15,26,27,29,39
6,8,18,26,38
1,15,25,27,29
5,12,15,18,35
1,4,22,28,39
10,15,23,31,35
6,16,20,25,36
10,13,25,28,36
2,7,21,22,41
4,7,10,19,34
2,10,15,16,39
2,5,8,10,17
2,19,20,27,28
6,7,11,31,35
6,18,24,29,36
4,5,15,17,37
1,4,12,17,37
6,19,21,39,40
16,23,32,37,42
7,10,17,22,32
8,14,16,19,31
1,9,14,25,42
10,12,14,29,35
7,14,18,24,32
11,14,15,17,38
15,21,31,39,40
1,6,17,21,26
8,18,26,38,39
4,19,20,30,39
1,3,4,6,22
10,11,22,26,30
4,14,19,20,39
8,9,15,33,34
10,11,29,38,42
7,9,11,14,38
1,6,10,15,36
4,11,16,27,33
12,16,26,32,42
3,12,28,29,38
3,5,14,16,21
2,4,14,17,26
3,6,11,33,34
19,28,31,33,36
27,32,33,36,39
6,23,27,31,39
9,13,21,28,39
4,8,9,22,23
2,4,7,19,28
3,4,17,28,41
4,13,25,35,37
20,22,26,28,41
14,19,22,33,34
1,18,19,20,26
4,20,33,34,40
6,7,15,16,19
4,8,15,33,41
3,9,12,25,29
2,8,12,22,29
6,15,21,39,41
2,5,16,20,27
1,14,29,31,36
13,22,26,28,32
4,26,30,32,34
12,16,19,20,28
7,13,20,31,32
5,7,16,17,21
9,11,26,29,31
23,24,26,32,38
4,7,25,29,39
5,8,15,18,38
1,8,16,36,42
8,24,27,36,41
22,25,31,33,42
13,20,24,31,38
30,32,35,37,39
3,22,30,31,39
14,19,33,36,40
2,16,20,25,27
3,10,12,15,31
3,4,8,25,40
29,33,34,38,40
4,13,20,32,38
7,9,16,29,32
11,12,21,30,37
6,12,34,40,42
7,14,34,36,41
1,2,9,15,17
10,17,20,35,38
1,5,10,14,15
4,7,8,13,37
7,20,32,33,35
5,27,31,34,37
3,14,18,33,35
1,21,23,25,30
13,14,24,34,41
6,22,26,30,41
1,21,26,28,32
1,7,16,30,33
8,9,13,28,38
9,27,34,36,39
7,17,27,34,36
19,24,31,33,41
2,3,6,12,26
11,21,24,31,32
11,26,31,36,38
2,7,8,10,42
7,8,9,10,38
9,16,23,33,42
5,15,23,35,41
14,17,29,32,40
10,12,23,28,36
7,11,13,19,24
9,22,27,39,42
3,9,19,22,32
4,6,13,32,41
11,21,28,31,41
1,24,26,37,38
8,14,15,20,28
14,15,26,40,42
10,18,22,27,28
1,7,23,34,36
9,15,20,27,34
12,16,22,28,41
5,8,15,25,31
6,8,27,34,42
1,12,14,34,38
9,14,22,33,36
21,25,26,37,38
3,4,12,16,28
5,10,15,38,42
13,14,19,31,33
3,32,37,40,41
2,4,21,31,38
19,20,30,31,38
13,14,22,26,39
7,12,24,27,30
1,6,22,24,28
15,23,35,37,38
11,20,22,33,40
10,22,23,33,37
2,14,15,16,41
9,16,17,30,34
3,25,28,37,38
3,9,10,23,41
1,8,21,26,41
3,12,29,30,38
5,22,27,28,32
7,13,16,25,30
5,10,24,25,32
14,15,21,29,30
5,6,12,21,31
3,4,9,22,32
2,6,26,37,42
1,2,16,30,37
14,16,30,35,37
8,17,20,35,42
16,17,33,36,41
3,14,22,36,40
2,3,7,15,27
5,26,28,37,42
5,12,19,24,32
3,7,13,22,39
5,11,19,24,34
2,13,15,21,41
7,15,16,32,37
13,16,29,35,39
10,19,22,26,34
19,20,27,28,38
3,13,24,36,37
8,10,32,33,38
2,10,14,41,42
2,12,17,27,34
1,7,27,29,42
16,19,23,25,34
5,15,19,30,32
4,17,21,25,32
7,15,22,31,42
2,20,21,24,38
7,16,19,32,40
1,2,6,28,41
2,6,15,20,25
4,13,17,19,29
1,2,6,24,30
12,15,17,37,42
2,3,26,27,41
19,29,34,40,42
11,17,20,29,33
8,15,33,38,40
10,11,21,35,36
11,13,36,37,38
21,24,26,35,41
1,8,14,37,41
4,10,14,23,29
13,26,31,32,36
2,7,13,32,39
17,27,32,33,40
9,10,25,27,36
5,6,28,34,40
3,5,23,25,35
4,5,19,24,29
8,22,23,26,32
3,10,16,23,31
12,27,32,38,41
7,15,20,26,29
1,3,9,25,40
5,17,31,33,41
14,16,28,31,38
1,9,22,25,27
1,4,22,23,38
9,12,21,24,40
1,6,17,22,42
6,8,12,14,38
13,27,30,33,35
11,14,28,32,40
7,13,18,27,39
1,7,8,26,28
4,15,17,24,36
22,23,26,27,39
1,9,11,14,30
3,12,14,29,37
2,3,8,13,30
1,8,27,36,41
12,16,28,33,35
15,26,27,28,33
5,8,40,41,42
3,6,7,15,21
1,8,15,33,39
3,12,24,27,36
1,4,25,30,37
5,7,17,21,35
11,15,16,18,38
22,23,35,36,39
2,11,15,35,37
12,13,20,40,41
2,5,7,19,23
10,21,39,41,42
14,20,23,29,41
2,8,13,24,25
2,5,24,26,34
1,10,13,17,19
1,7,16,26,30
5,6,34,40,42
4,6,9,15,31
2,17,19,20,35
5,9,22,32,36
8,10,13,32,33
8,17,25,26,39
11,13,24,31,38
7,15,16,33,35
9,12,16,22,38
2,5,6,21,29
5,16,25,29,42
23,27,31,33,41
11,22,31,36,40
5,6,25,29,38
14,17,21,29,37
7,8,12,15,41
23,27,29,36,42
18,24,28,30,33
11,14,19,21,28
19,23,24,25,26
11,16,21,27,41
1,21,25,26,36
13,15,26,29,32
7,13,14,16,39
1,2,12,32,36
10,13,17,20,28
8,12,36,38,42
4,28,30,33,34
1,2,7,19,29
5,15,17,30,41
3,15,32,39,40
5,14,16,36,38
4,11,19,20,30
5,12,30,33,36
13,21,35,37,39
23,27,31,34,35
3,5,28,36,40
2,3,15,23,41
3,19,23,38,39
6,31,36,37,41
9,17,21,27,38
4,25,28,41,42
4,15,23,24,32
6,9,12,16,27
12,17,20,34,38
11,14,25,31,38
2,3,15,34,40
15,16,32,36,40
6,14,19,25,36
1,5,7,31,33
2,23,26,27,33
1,16,29,35,42
1,5,14,25,33
11,24,27,28,41
2,18,28,32,39
3,12,13,17,41
2,18,25,29,31
5,8,12,26,28
4,7,8,22,38
5,9,13,23,42
6,8,34,36,40
3,7,10,24,41
2,10,16,26,40
10,16,31,33,41
22,27,33,40,42
8,9,21,33,39
13,29,36,37,38
3,11,13,21,35
1,9,28,33,39
2,21,28,35,41
11,18,19,34,39
6,7,29,31,37
6,11,17,28,38
1,13,16,19,42
1,14,21,28,42
2,23,28,34,38
4,8,18,30,40
9,15,23,27,42
5,7,16,29,42
9,13,20,29,33
14,15,18,20,40
1,6,16,18,20
1,4,31,33,39
2,21,23,27,32
5,9,26,31,41
7,23,27,29,30
1,4,16,29,31
2,14,19,28,30
15,17,23,37,42
9,17,22,36,41
19,22,28,36,37
4,6,7,8,27
12,17,29,33,35
9,20,23,25,29
8,29,31,32,33
4,6,21,22,41
5,13,16,33,38
5,11,16,24,27
8,13,17,20,22
12,22,28,31,42
12,24,34,38,40
10,22,27,31,33
10,13,23,28,32
6,13,19,22,28
2,14,16,25,32
6,7,13,23,27
9,11,20,23,42
1,3,13,38,41
9,12,18,22,42
2,23,30,40,41
1,6,8,17,20
9,20,24,26,42
7,14,25,36,41
5,25,28,29,31
5,11,17,29,33
19,22,24,38,39
4,5,9,19,24
2,11,12,14,42
6,12,14,21,23
11,13,36,37,42
4,15,26,31,35
12,15,18,23,28
2,12,30,32,42
2,4,17,18,23
16,17,20,25,36
7,10,18,36,39
8,20,23,30,34
20,27,28,30,33
4,27,33,38,42
3,13,18,26,39
2,27,33,34,38
6,8,9,30,31
16,22,25,28,33
6,22,25,28,40
6,13,22,36,39
1,9,16,17,35
4,8,12,17,42
1,4,11,31,40
9,16,21,26,37
5,17,24,28,39
8,16,21,25,29
4,23,26,34,38
4,5,7,20,41
3,5,8,30,36
6,11,30,38,40
4,6,28,30,31
10,22,28,38,41
5,13,20,22,41
4,14,35,37,41
2,22,27,30,34
17,18,21,30,41
9,17,34,38,41
11,17,27,28,31
5,10,12,26,38
2,12,18,41,42
7,12,15,23,28
3,4,25,32,34
20,21,25,31,42
3,5,11,19,20
12,15,18,27,35
18,23,24,28,29
5,11,27,33,36
4,6,9,14,31
6,9,22,27,41
8,12,23,32,38
13,14,23,36,42
17,25,31,35,36
12,20,23,24,36
9,14,20,35,37
8,9,14,18,32
10,17,18,31,36
4,15,17,35,41
1,8,25,30,38
10,11,18,24,30
1,3,13,16,20
5,9,11,17,23
4,12,15,19,31
1,5,25,29,32
4,18,25,28,39
3,14,20,35,40
21,33,35,36,42
11,16,34,35,39
2,15,17,21,41
2,7,17,23,32
2,4,9,12,19
4,30,31,35,36
15,23,25,31,36
4,6,10,13,23
3,8,10,18,28
7,17,18,21,33
8,11,15,37,40
1,11,12,13,22
13,19,30,33,38
17,19,24,30,39
2,3,7,28,37
9,30,31,37,39
4,10,20,27,32
3,6,10,25,42
22,32,33,40,42
5,9,16,19,38
4,15,21,24,38
2,5,15,34,38
4,18,28,30,33
8,11,29,33,40
1,16,23,29,33
11,12,28,31,42
1,10,22,24,37
5,9,12,21,26
7,11,12,32,37
10,12,15,18,42
7,17,19,20,22
4,13,18,29,30
11,13,19,32,34
7,12,19,20,27
16,24,25,28,38
7,10,17,19,28
11,14,22,35,39
14,22,24,31,33
10,20,26,36,41
1,8,21,26,38
2,6,10,33,37
4,5,12,34,40
1,7,13,34,35
9,12,23,31,38
19,21,24,28,36
8,17,22,30,34
5,19,30,35,41
8,23,33,39,41
10,17,21,28,38
13,16,18,20,23
7,14,16,28,32
1,5,6,36,38
13,18,20,32,40
7,23,25,28,40
6,11,25,27,31
2,7,30,37,41
4,7,24,33,37
11,30,34,37,41
1,6,23,36,38
1,3,22,38,40
3,5,7,8,39
2,6,12,29,30
5,18,24,28,34
5,19,27,39,40
9,19,22,28,29
7,10,29,31,39
15,23,24,35,37
19,23,35,36,42
9,25,30,41,42
4,12,21,22,29
2,5,13,28,35
6,13,17,30,36
3,15,29,37,42
1,2,8,29,42
5,11,13,38,40
1,4,14,26,40
3,16,29,30,40
1,6,10,16,24
16,20,28,36,41
15,18,20,21,41
4,14,24,35,38
7,12,20,21,27
8,13,31,32,41
1,4,7,29,40
10,24,35,36,41
6,9,17,25,33
3,16,18,27,42
10,17,25,31,32
3,4,11,20,30
4,11,15,25,30
16,19,20,32,36
10,12,18,21,28
4,8,16,30,42
14,29,36,39,42
9,20,22,28,36
5,21,25,32,39
3,7,14,25,29
1,26,28,31,37
24,27,31,35,41
1,2,21,31,33
3,11,22,24,26
1,4,37,40,41
8,19,32,34,36
21,22,23,38,40
3,15,17,20,33
1,2,3,30,37
1,2,8,22,38
1,12,24,35,36
9,14,27,31,38
5,28,30,31,39
7,17,18,28,41
22,26,31,33,40
1,2,8,28,41
8,9,17,34,41
2,3,17,24,37
3,11,29,35,40
7,10,13,30,39
10,28,29,33,42
28,29,31,36,42
2,14,21,34,42
11,16,21,38,42
9,11,13,24,27
1,4,9,14,27
7,26,32,33,39
3,20,23,28,37
14,15,17,21,35
1,5,18,27,30
8,11,16,22,23
9,21,27,31,36
1,3,6,24,34
6,12,18,23,35
1,8,24,27,35
2,3,8,33,37
15,16,21,31,35
17,19,28,33,41
10,15,18,25,27
12,18,22,31,37
11,19,20,36,38
1,11,25,31,37
1,3,14,32,36
5,9,19,25,26
1,9,17,23,37
6,10,14,25,26
4,22,25,34,35
11,20,24,27,37
12,14,23,28,35
18,26,27,28,42
2,13,19,23,30
3,14,29,40,42
1,2,8,11,39
2,6,10,32,35
3,9,24,27,36
6,20,21,33,42
2,3,19,26,31
4,22,26,34,41
1,2,6,10,37
5,22,33,34,38
2,21,31,35,40
8,9,20,27,37
4,10,22,25,33
7,26,35,38,41
16,17,18,20,27
4,9,13,29,41
8,14,15,16,17
2,3,5,20,41
13,17,23,24,41
9,13,15,32,36
13,14,17,19,26
8,17,29,34,41
6,9,21,37,40
8,12,26,40,41
21,28,32,35,37
2,12,17,21,22
9,21,29,30,32
15,17,27,32,36
3,24,33,35,40
5,8,28,39,40
5,9,12,19,36
8,12,17,18,37
8,19,26,32,42
3,19,27,30,34
9,19,28,30,31
7,22,25,27,33
1,11,15,27,33
1,3,6,12,29
12,16,17,22,28
8,10,12,16,17
1,15,20,30,35
12,13,17,28,36
2,9,13,34,37
7,20,24,25,41
5,8,23,24,27
10,12,13,20,27
9,13,15,19,31
2,13,23,30,39
1,6,11,19,34
6,14,28,30,32
10,13,17,28,41
1,21,31,36,40
26,27,34,38,42
1,3,5,21,41
5,24,34,38,41
1,2,5,11,34
10,22,25,27,36
9,11,24,32,35
19,20,28,35,36
7,12,27,32,39
9,12,18,20,21
4,5,7,23,28
5,10,17,36,37
4,12,20,25,29
7,15,23,28,37
16,18,23,28,32
5,9,12,20,31
6,25,29,37,40
6,21,29,31,32
2,9,14,30,41
5,8,23,31,41
12,15,19,25,37
7,17,34,35,38
7,10,12,37,41
1,19,26,32,36
6,24,31,37,39
12,14,23,32,40
6,15,17,22,38
18,25,28,29,33
2,8,12,17,40
2,9,18,39,42
6,14,16,27,40
17,18,20,24,33
5,9,19,29,31
3,21,23,30,35
2,7,8,28,36
1,5,11,24,34
2,3,6,19,28
12,19,21,41,42
4,13,24,27,38
14,15,16,19,28
3,6,7,9,41
1,15,19,30,38
6,18,24,27,31
1,19,21,24,30
5,7,16,30,34
10,13,20,25,40
5,9,37,38,41
3,6,7,13,33
2,14,32,33,42
14,15,21,24,34
5,16,17,23,24
6,13,17,19,27
4,12,19,28,31
10,18,20,21,32
9,10,21,25,40
20,21,29,31,35
22,25,32,35,42
3,7,8,25,31
17,18,20,22,28
1,3,13,16,39
1,17,23,29,41
2,9,12,15,25
1,10,11,25,35
2,7,8,9,19
11,18,24,33,38
7,8,29,34,36
9,10,14,16,21
4,14,21,35,37
5,6,15,16,30
11,22,27,34,35
4,8,16,17,27
14,22,23,39,42
11,29,36,40,41
1,15,18,35,42
3,6,13,14,36
1,19,20,26,41
10,27,31,34,35
5,12,17,21,42
14,21,30,36,42
1,26,31,35,40
2,3,26,37,42
12,15,19,30,42
7,18,19,20,32
3,6,7,13,40
4,5,7,8,11
17,19,27,34,35
7,9,17,37,38
5,18,19,28,31
2,7,9,36,39
3,12,14,31,37
21,24,31,38,39
21,28,31,35,37
5,6,8,10,31
4,6,21,28,34
7,22,28,29,42
3,10,24,27,33
7,19,23,24,33
4,6,10,24,32
7,15,21,30,37
1,15,16,22,29
2,7,15,25,41
7,18,27,32,36
3,8,14,26,39
7,8,12,29,34
2,13,16,18,40
4,6,13,15,35
10,24,28,30,36
10,19,25,29,32
22,28,31,34,36
17,26,27,35,36
1,3,29,39,40
8,23,24,26,38
7,9,25,29,31
8,20,22,30,39
4,12,13,24,37
1,7,26,30,34
9,13,16,29,30
12,17,20,30,36
8,17,25,30,33
1,6,28,31,34
17,23,26,28,36
5,8,10,15,30
15,18,25,28,37
1,6,10,22,42
7,9,10,19,28
10,21,22,25,27
9,18,22,23,31
3,4,9,40,42
17,19,29,34,38
2,20,22,23,40
1,13,24,32,35
18,30,34,39,41
20,21,33,36,41
22,33,34,36,42
11,14,27,30,38
5,7,17,29,32
4,22,29,32,39
9,16,22,32,39
2,7,23,30,32
5,8,14,23,33
3,17,22,28,31
4,8,20,26,34
2,10,15,25,32
6,17,19,23,36
10,22,23,26,42
9,10,17,27,29
21,27,32,38,39
1,2,9,26,29
1,17,29,30,37
2,9,11,25,36
2,10,27,34,35
2,6,24,36,41
16,26,27,33,40
1,6,34,40,42
8,13,15,24,25
7,8,10,12,29
2,9,11,35,36
6,11,12,17,30
11,12,21,25,27
7,17,18,23,32
2,10,23,30,37
4,6,10,17,37
2,9,15,37,40
1,2,4,29,33
3,10,16,19,42
8,12,25,32,37
7,16,20,26,30
3,18,23,29,40
1,31,35,36,42
1,9,29,36,40
6,7,16,26,27
8,15,22,38,40
3,23,27,32,36
18,23,33,34,42
2,8,17,28,39
4,10,12,35,38
3,13,17,18,42
5,21,33,35,39
1,3,19,38,41
9,19,20,23,32
2,7,18,40,42
1,2,6,18,23
9,10,15,17,39
6,25,30,36,42
6,13,18,23,32
1,4,7,17,40
8,12,18,24,39
9,18,26,32,39
11,19,27,34,40
7,10,27,33,40
13,14,16,19,38
2,14,27,38,42
1,10,34,39,42
10,14,29,40,41
8,11,36,37,41
2,8,27,33,37
4,8,12,24,26
18,24,28,38,42
15,20,26,31,32
12,17,35,36,39
3,8,19,23,40
13,20,31,38,39
6,7,15,29,34
13,19,31,33,35
10,26,29,35,41
1,16,17,29,35
2,5,24,36,37
1,6,16,18,26
14,30,35,39,40
6,8,14,16,36
12,16,17,27,41
6,14,26,29,32
1,37,39,40,41
24,26,28,29,32
14,16,18,33,40
23,29,32,38,42
2,9,17,25,40
20,21,26,36,42
9,13,14,39,40
18,20,28,33,35
4,14,20,36,40
10,14,16,28,36
10,22,23,27,32
4,20,26,37,40
2,6,12,22,38
6,12,15,24,36
7,21,22,41,42
5,15,17,32,39
12,17,18,27,31
9,12,15,16,18
5,17,18,29,31
17,18,22,28,39
4,6,32,34,35
4,8,20,33,35
13,18,25,37,41
3,16,26,29,33
10,18,22,24,37
12,18,23,30,32
11,12,26,27,36
11,28,33,34,35
2,4,7,19,31
5,8,17,31,42
10,24,29,32,33
16,20,33,34,36
16,34,36,37,42
2,13,18,30,36
7,12,14,29,32
5,14,27,32,38
18,25,28,32,39
12,18,21,24,29
10,26,28,38,41
1,6,11,39,42
4,6,7,21,35
7,14,16,20,21
3,8,13,21,33
13,14,16,26,32
1,2,8,29,39
7,22,27,29,41
6,16,18,20,38
13,16,18,19,41
5,12,13,15,22
4,7,8,12,35
2,19,25,30,38
6,14,21,31,36
7,11,14,34,39
4,6,10,22,32
15,24,28,33,37
11,13,16,25,42
8,13,15,25,38
1,5,7,28,40
2,3,17,23,33
22,24,35,41,42
2,15,17,39,40
10,11,22,37,41
11,15,24,32,38
5,15,19,32,36
3,9,19,29,40
5,7,17,21,24
6,12,14,29,33
1,8,17,27,31
2,20,31,38,42
2,28,33,37,38
13,15,18,27,36
4,20,32,35,40
2,10,15,16,21
8,18,21,24,40
6,19,27,30,32
12,19,20,36,42
5,29,34,35,39
7,8,11,32,33
6,13,15,28,31
15,18,28,35,40
1,19,23,29,35
8,23,26,30,41
8,28,29,35,38
13,24,33,35,39
1,3,18,23,25
4,18,21,33,34
2,7,10,20,35
1,21,24,37,40
14,18,23,31,34
9,16,32,38,42
3,6,16,32,39
2,6,23,34,37
5,14,26,35,38
9,18,23,39,40
10,32,36,39,40
3,7,9,39,41
1,8,24,31,42
2,9,12,23,26
4,5,12,17,24
8,10,15,27,34
3,12,23,33,35
3,10,12,16,38
5,15,19,25,39
1,6,14,28,41
5,24,28,35,42
18,29,30,33,37
19,22,33,34,38
10,12,13,31,37
7,12,23,26,41
5,12,13,21,24
2,12,23,39,42
18,26,28,29,32
1,4,11,18,23
2,8,16,32,41
14,17,32,37,38
3,5,11,29,42
1,12,14,26,27
12,16,28,33,42
2,9,16,19,31
11,13,24,30,34
15,21,38,41,42
9,24,29,41,42
15,27,28,31,33
9,10,15,21,25
10,24,25,32,33
1,6,7,8,18
6,11,15,16,26
14,24,29,34,37
4,5,11,29,30
17,26,29,33,39
12,26,29,35,38
11,13,14,18,20
3,5,9,11,30
9,10,11,30,35
13,18,20,24,31
8,28,34,36,37
7,23,36,37,38
5,12,21,35,39
4,8,11,24,42
10,11,24,26,37
3,11,15,21,40
18,21,31,36,42
8,9,11,16,24
2,14,20,24,41
19,27,34,35,41
4,7,19,21,27
5,8,9,31,37
3,21,24,27,39
4,8,14,33,38
5,13,25,31,39
9,11,23,29,41
6,8,35,38,39
13,14,23,29,36
9,18,19,21,36
11,16,24,26,36
2,16,17,31,32
4,9,12,26,41
4,13,21,29,37
10,23,29,30,39
7,16,19,24,37
3,20,22,28,29
7,28,37,39,42
9,25,27,39,41
10,21,26,39,42
10,18,21,28,40
1,4,5,12,33
5,6,20,40,42
8,9,16,39,41
12,14,21,37,41
2,7,10,31,35
1,16,20,32,39
12,22,25,32,41
27,31,38,39,42
5,11,21,31,39
5,10,13,15,35
1,19,22,30,36
11,13,18,21,25
11,15,18,34,42
17,22,29,32,34
8,9,11,24,40
2,20,22,25,28
3,5,24,39,41
5,11,18,32,42
3,12,16,32,36
10,12,23,25,28
13,24,27,28,29
12,14,16,30,31
3,8,16,25,32
13,15,22,30,33
18,25,28,30,38
3,11,14,25,38
7,8,13,22,36
1,12,24,25,36
4,8,14,24,28
2,31,32,34,42
2,21,32,36,37
4,13,20,25,35
11,13,15,20,29
11,17,24,35,37
6,12,20,36,41
4,7,19,31,40
2,14,27,35,40
10,15,16,24,27
7,10,30,33,34
12,23,26,27,29
5,13,21,22,33
2,3,4,31,42
21,24,25,27,40
1,6,9,11,14
19,23,32,35,37
13,28,32,34,42
2,8,11,18,20
3,4,11,36,42
2,19,22,31,37
3,4,18,25,35
1,6,10,12,30
3,11,17,18,27
11,14,21,22,39
8,12,29,36,41
5,10,22,32,33
11,16,27,30,31
13,16,22,23,31
9,18,27,36,41
14,16,17,29,40
2,9,23,38,40
5,11,23,31,37
19,21,23,27,42
1,2,4,7,27
14,26,29,30,31
3,28,29,38,39
14,16,22,29,40
3,14,20,30,37
10,17,18,25,41
2,12,23,24,38
5,7,16,21,35
9,18,22,23,41
17,20,25,32,35
8,23,25,27,29
4,7,12,17,32
2,3,4,26,27
2,3,17,19,33
9,12,22,38,42
5,6,20,26,32
8,9,29,31,34
4,9,26,31,39
9,11,15,38,41
3,29,37,41,42
12,13,18,29,39
4,5,8,34,42
3,5,23,35,36
10,16,22,36,39
1,12,28,38,39
4,15,27,31,32
13,26,28,30,42
23,26,34,35,41
1,24,28,37,41
11,15,17,28,36
26,34,39,40,41
1,9,37,38,41
8,20,27,28,40
9,12,15,19,33
10,14,19,30,40
4,11,13,22,33
1,21,33,38,39
1,11,23,27,38
7,12,32,34,39
20,25,29,35,39
6,14,27,33,35
2,12,15,22,23
1,7,11,36,40
7,17,26,31,32
9,12,21,24,32
3,19,28,35,36
1,8,24,40,42
1,5,7,30,39
3,10,12,23,33
5,6,11,19,28
14,17,27,36,39
4,5,10,22,38
6,10,19,30,39
1,25,27,29,32
5,22,23,26,39
12,13,21,28,34
10,21,36,40,42
4,23,26,38,41
2,9,17,32,38
6,7,20,34,41
1,8,10,27,32
3,21,25,39,41
5,6,15,35,37
1,15,19,29,41
2,9,21,32,37
15,17,18,36,41
4,6,8,31,36
8,9,10,34,39
21,23,27,30,42
13,15,25,34,36
32,33,36,40,42
5,16,23,25,29
4,6,27,33,35
5,12,19,25,36
11,14,19,23,33
14,17,18,29,37
1,2,3,9,41
9,23,25,26,39
16,17,21,28,31
15,24,27,37,40
1,27,29,40,41
6,7,10,27,34
7,9,11,19,35
5,7,24,27,40
21,23,30,31,40
8,18,24,36,41
1,35,37,38,40
1,5,24,26,30
19,23,36,37,40
2,4,14,23,24
17,22,27,34,36
1,3,5,9,40
2,6,25,40,41
11,16,30,31,37
3,6,24,28,42
2,9,14,35,39
11,27,33,39,42
1,9,16,23,24
25,29,30,36,37
6,9,22,33,36
4,28,33,34,41
8,10,13,37,41
8,9,20,23,38
3,4,11,13,22
3,6,19,38,40
13,15,22,32,33
9,18,20,24,28
11,12,18,27,36
14,22,23,24,29
2,7,9,16,26
2,18,34,40,42
12,24,32,33,42
5,10,17,23,40
7,9,10,20,29
7,12,15,30,41
22,24,26,31,32
11,13,23,26,29
8,14,23,28,39
4,17,22,31,37
4,16,17,22,28
4,8,9,19,26
9,18,20,35,39
6,15,20,26,30
3,11,16,20,21
1,5,32,33,36
16,17,27,32,38
3,25,29,37,40
11,15,20,21,39
10,15,34,35,41
1,32,34,40,41
9,22,26,34,37
3,9,15,17,36
2,9,17,19,42
6,10,11,15,23
20,23,32,37,38
1,10,20,27,28
9,18,21,24,27
3,8,18,38,41
4,16,27,32,39
5,6,9,23,31
2,19,23,33,41
6,23,33,35,37
1,3,18,24,38
21,30,31,33,42
2,24,28,31,40
14,15,25,32,39
7,22,23,26,27
2,8,16,17,23
4,19,30,40,42
6,12,17,21,31
1,9,17,30,34
1,18,39,40,41
5,10,14,22,39
12,28,31,39,42
21,24,28,34,40
11,21,26,29,37
5,21,29,35,42
8,13,15,26,40
13,19,35,40,41
7,22,28,31,42
2,8,15,22,32
24,25,27,29,31
5,8,11,13,41
6,9,14,33,40
1,5,9,10,13
4,22,31,34,42
7,15,24,39,40
7,8,23,32,36
4,6,7,26,31
4,6,17,19,22
4,6,12,15,29
3,6,24,34,35
1,11,13,21,22
16,17,24,25,26
9,18,27,40,42
1,10,13,21,32
9,17,21,32,39
21,31,36,37,39
3,6,10,17,35
4,13,20,24,42
3,18,24,28,32
9,10,16,26,36
11,25,28,30,41
2,9,23,34,36
3,19,21,33,35
17,19,21,26,28
1,9,18,27,41
2,14,20,28,31
8,11,14,22,25
4,23,28,35,41
1,6,11,15,16
3,5,20,21,42
10,13,23,31,32
1,7,26,27,35
9,14,25,34,41
10,16,20,21,36
3,14,19,27,29
12,20,33,40,42
10,11,22,25,30
5,9,12,24,29
9,29,32,35,41
8,12,20,28,42
14,20,24,33,42
16,18,19,28,39
1,2,12,16,37
5,11,16,24,41
2,3,10,11,14
8,19,30,31,33
5,7,22,23,32
11,14,27,30,39
6,9,17,29,35
6,7,31,34,42
2,7,16,24,34
3,13,26,31,34
7,13,28,29,30
6,8,9,25,35
2,3,16,19,40
6,7,16,34,41
5,9,19,34,41
1,3,19,36,38
11,12,14,29,34
8,19,21,24,34
7,11,30,35,40
8,28,30,37,40
4,14,26,32,41
9,23,26,27,38
8,19,21,26,38
3,14,22,25,26
10,13,32,39,42
10,31,36,37,42
1,8,9,14,39
2,13,18,29,36
3,5,12,19,40
3,4,24,33,42
16,26,27,37,41
2,10,14,19,41
13,19,30,33,38
4,10,18,23,25
6,12,30,35,37
6,13,20,24,31
16,20,26,30,34
1,2,15,26,30
3,16,33,40,42
1,10,12,30,42
6,16,22,24,37
29,33,35,36,38
6,26,27,29,31
1,2,11,21,34
15,33,36,37,40
6,21,23,29,39
4,7,12,23,25
7,8,26,32,37
16,24,36,38,41
1,17,22,25,38
20,28,30,32,34
7,21,28,32,33
3,15,19,23,24
18,26,30,36,42
24,26,37,38,42
4,18,24,28,30
5,10,15,21,41
3,11,22,30,32
2,3,9,21,25
11,22,28,31,36
1,2,4,17,20
1,15,16,33,37
2,7,16,34,39
9,18,30,32,41
4,10,18,28,30
2,4,10,18,36
1,3,10,19,30
9,12,15,25,39
14,17,26,33,35
1,6,8,17,24
6,13,27,30,41
12,28,30,32,38
3,10,18,30,31
1,7,32,37,39
8,10,16,23,42
9,11,20,31,41
13,14,22,36,42
8,10,11,34,41
1,6,11,15,35
7,28,35,37,41
11,14,16,24,38
3,11,22,25,35
14,16,18,20,21
21,23,24,28,42
2,8,11,34,36
4,11,18,20,25
7,21,29,30,37
5,12,24,29,31
19,23,24,28,37
5,9,24,35,38
12,16,32,34,38
7,17,18,34,42
3,7,8,33,36
10,13,20,22,25
2,15,17,24,42
7,22,27,33,38
8,30,33,35,39
10,16,17,18,21
13,19,23,25,38
15,19,21,36,38
2,3,21,39,41
1,3,10,19,24
6,7,9,16,34
8,13,14,36,39
5,9,11,19,20
15,26,28,30,39
10,13,29,32,35
11,28,34,37,41
3,15,21,27,39
13,16,28,41,42
1,11,23,27,40
6,9,10,12,35
8,19,24,36,42
4,11,30,35,37
2,17,18,39,42
4,7,32,33,34
27,28,34,36,42
5,7,11,21,30
8,10,35,36,42
10,11,12,32,40
9,21,27,37,40
4,16,21,30,41
1,4,8,9,29
1,4,13,14,28
9,10,20,28,34
8,10,21,29,37
2,24,29,36,41
1,3,12,25,35
1,19,24,26,29
4,7,19,23,41
12,14,26,35,39
2,25,26,27,34
6,9,12,20,30
5,15,18,20,25
21,26,32,36,38
7,30,35,37,40
15,22,23,24,26
3,18,25,34,40
9,16,20,34,41
8,21,23,35,40
1,8,10,11,14
17,19,30,34,42
2,6,11,17,28
11,14,20,35,36
3,10,19,25,35
13,16,17,19,34
17,24,30,35,38
5,8,13,27,35
4,12,17,36,42
2,12,14,34,37
2,7,28,33,39
14,18,22,30,32
1,18,23,27,31
8,9,27,29,42
10,13,26,33,36
12,16,30,31,39
8,13,30,38,40
3,11,15,25,36
6,15,16,17,42
9,12,19,36,40
26,30,31,35,37
15,16,18,29,37
12,13,36,40,42
9,10,22,38,41
5,10,12,15,23
2,8,29,39,41
8,25,30,34,37
19,24,28,32,35
5,13,20,30,40
14,18,26,38,40
1,10,30,38,39
3,5,9,10,13
12,15,16,21,26
5,16,17,33,34
1,5,17,23,26
11,19,30,39,40
3,17,26,27,37
20,22,24,30,33
3,9,20,35,36
1,15,26,34,42
7,19,32,36,39
18,29,31,33,36
2,3,30,33,37
1,2,9,17,30
6,11,13,30,39
4,5,13,28,36
5,8,21,24,28
8,14,23,24,33
6,11,16,18,32
7,19,35,37,39
1,20,25,26,35
17,24,29,33,35
5,7,8,22,27
10,23,25,27,35
6,7,34,39,41
16,21,27,36,39
2,11,27,32,36
6,16,18,30,33
29,30,31,32,42
4,30,31,32,33
7,9,36,37,38
3,11,14,23,35
4,19,22,30,32
1,2,7,9,19
6,7,15,32,42
8,18,21,28,40
7,8,17,32,42
2,5,13,38,41
16,20,29,34,40
6,20,21,23,31
4,20,27,30,41
4,15,19,20,25
1,5,19,30,37
10,14,19,23,26
4,12,27,32,37
12,23,24,28,38
2,12,19,20,21
16,23,31,32,42
1,7,27,31,42
5,23,27,38,40
4,10,28,31,37
21,24,33,36,38
12,16,22,24,36
1,5,15,21,40
4,6,15,32,42
22,24,35,39,41
10,15,19,32,41
11,18,20,37,39
10,11,19,20,37
22,33,36,37,38
11,14,26,35,37
3,4,15,32,37
13,15,17,19,21
1,2,19,34,40
2,8,11,24,40
8,15,25,31,34
4,7,10,26,29
2,9,22,32,42
8,13,21,34,36
7,10,13,22,23
2,8,21,25,42
3,5,10,26,28
2,3,8,31,35
3,11,24,28,30
3,5,14,30,39
2,12,22,35,37
5,7,15,20,35
7,12,19,25,40
2,10,18,21,27
8,10,19,20,32
2,10,13,17,23
7,17,22,29,35
17,20,22,37,40
2,19,21,36,39
6,7,16,21,30
9,15,17,20,27
8,9,15,32,41
2,12,29,39,42
11,12,14,20,25
10,15,18,29,36
3,6,18,25,36
3,16,34,37,41
5,7,9,30,35
13,16,19,24,36
11,16,32,33,40
11,14,26,27,31
3,15,19,20,31
21,24,25,29,30
3,5,9,10,14
7,21,22,32,33
10,12,25,27,37
4,16,22,33,38
2,12,25,32,34
1,22,33,35,40
29,30,33,34,39
4,13,29,31,41
4,27,35,41,42
9,16,18,40,41
8,11,26,30,32
13,16,26,31,40
4,5,11,21,28
6,8,20,25,26
20,24,27,31,33
4,15,16,23,31
4,17,21,32,38
4,21,25,32,37
2,26,39,40,41
5,7,17,35,37
13,18,22,28,31
3,5,16,38,39
10,13,17,34,41
2,11,14,15,38
3,7,11,21,34
3,16,17,36,41
8,14,24,27,32
22,30,33,36,37
3,11,22,32,40
3,15,31,34,36
6,9,14,28,40
4,15,27,29,36
2,7,9,18,25
24,28,31,32,39
3,13,22,38,40
13,19,21,26,32
9,17,18,19,26
3,15,21,30,42
9,11,23,26,30
3,10,26,28,41
16,17,19,34,37
14,16,29,32,40
1,5,6,38,40
6,16,18,39,42
3,14,18,22,37
9,17,21,28,41
9,10,18,24,29
15,29,30,31,39
6,9,31,33,35
8,20,31,33,36
7,11,13,25,33
4,14,27,32,42
4,9,27,33,34
3,4,5,16,21
10,11,14,16,21
4,21,22,27,33
12,15,23,28,36
1,9,10,19,20
3,13,27,28,40
6,7,9,31,34
4,8,14,23,38
1,5,12,19,41
3,4,7,15,28
3,4,14,26,34
15,21,33,34,36
6,11,18,23,35
7,8,12,17,32
9,11,24,32,36
11,15,22,27,38
5,17,23,25,35
7,17,27,34,36
1,6,35,36,38
8,10,12,17,37
4,5,7,20,32
1,10,21,37,39
10,13,19,28,41
10,18,23,30,38
1,11,19,26,28
4,5,6,19,25
28,29,33,41,42
4,5,20,23,32
19,26,37,39,40
1,11,21,24,34
4,7,16,26,33
11,12,13,18,35
1,2,8,21,32
4,5,14,35,42
3,12,30,37,41
4,8,9,13,35
9,22,23,34,41
6,10,24,37,41
1,15,17,34,39
11,13,25,38,41
5,13,18,27,39
5,9,13,28,40
19,25,27,36,37
15,18,23,25,41
10,14,22,30,34
8,22,25,30,42
1,2,3,13,29
5,12,23,26,36
13,19,24,27,34
19,20,24,25,41
12,15,22,29,34
4,8,14,21,23
8,13,17,24,29
5,11,19,31,41
3,19,23,25,38
4,6,23,38,41
9,10,13,36,39
7,22,36,38,41
2,24,31,32,36
2,12,13,16,37
20,28,30,32,41
5,11,14,26,34
4,9,12,31,39
13,23,28,33,39
3,10,19,33,39
7,26,30,32,35
7,9,14,27,37
6,33,36,39,42
20,27,32,33,41
4,18,26,28,42
12,17,29,33,36
7,15,31,37,41
6,15,21,25,28
12,16,18,31,35
3,6,16,26,27
3,7,24,29,30
3,11,17,28,41
4,10,31,33,40
3,16,29,33,41
8,10,13,27,38
15,16,21,26,27
15,21,22,38,39
7,10,19,27,36
8,9,11,16,23
1,6,22,32,37
1,4,12,17,18
1,18,19,36,37
2,21,25,26,40
6,27,28,34,41
6,8,17,30,35
3,6,18,31,40
8,9,13,16,42
9,11,12,19,39
4,8,31,32,37
2,13,20,23,29
4,25,26,33,37
22,33,34,36,39
6,22,24,35,41
4,6,19,21,40
7,10,12,22,41
17,29,31,32,38
10,25,35,37,41
8,10,21,22,36
7,9,12,13,38
13,15,17,35,41
2,8,17,19,36
27,29,32,34,42
4,6,15,16,24
4,12,24,36,41
3,15,19,31,34
11,13,18,26,37
8,10,20,28,31
2,18,21,27,34
11,18,20,25,30
12,17,23,32,37
1,18,23,30,40
10,16,29,33,35
12,13,19,22,30
1,2,21,29,40
4,11,34,35,42
7,14,17,26,30
19,23,29,35,36
5,12,17,20,23
16,22,24,26,41
1,3,6,26,35
15,18,31,32,41
9,13,16,20,34
3,5,9,28,37
3,11,25,35,37
6,12,13,28,32
16,22,26,40,41
9,15,17,25,31
8,9,30,31,33
1,2,5,15,32
5,9,11,13,34
3,5,18,27,41
8,12,28,29,35
2,12,14,29,40
13,17,18,28,39
3,7,9,22,40
6,10,22,34,39
7,8,9,16,20
5,10,23,29,31
7,11,22,36,37
2,18,21,28,31
6,13,26,33,41
28,29,31,33,40
8,20,25,27,30
10,11,21,29,39
11,28,29,34,39
11,13,21,26,41
8,13,19,27,35
1,6,8,11,40
3,11,26,33,42
1,14,18,21,22
14,22,24,25,38
6,7,8,30,40
4,6,14,22,23
4,7,13,29,42
9,21,23,29,40
4,10,12,17,41
4,10,13,37,39
6,8,11,13,20
9,11,28,29,36
1,13,19,34,36
1,4,10,20,42
15,20,29,35,38
7,12,26,38,41
4,12,23,26,33
4,10,18,24,25
6,7,22,27,33
4,8,16,33,37
4,9,17,28,39
2,18,29,38,40
7,12,24,27,38
13,25,36,38,42
2,21,24,30,36
8,20,29,36,40
14,27,34,40,41
3,8,17,20,28
6,17,27,28,35
6,8,13,14,31
12,18,30,41,42
18,19,24,28,37
8,12,23,39,40
19,22,25,27,37
19,22,23,36,37
1,6,7,28,37
1,15,17,27,37
5,8,21,32,36
2,16,20,21,29
9,11,21,31,39
3,15,27,33,39
26,27,31,36,40
3,10,13,18,22
7,14,32,36,40
2,16,18,26,41
1,3,7,10,25
7,13,28,32,38
18,19,22,26,30
18,19,31,37,41
26,34,35,41,42
1,4,6,39,42
13,15,31,36,39
5,11,22,23,24
7,9,26,33,40
10,13,19,29,33
2,5,19,26,34
5,7,30,31,40
14,23,27,39,41
1,9,10,17,26
4,13,23,33,34
1,10,12,19,31
17,21,25,34,39
2,11,14,24,27
4,5,11,34,37
13,18,27,30,38
4,7,8,14,20
5,7,9,18,23
14,15,16,17,28
7,16,25,30,38
6,7,20,21,25
8,29,32,34,41
2,3,7,19,25
6,8,20,26,30
10,16,23,28,33
24,32,33,35,42
4,7,17,18,36
10,12,15,25,39
4,14,21,27,39
9,29,32,38,42
5,12,18,31,39
11,15,31,33,35
11,21,28,38,41
13,14,17,22,24
1,10,22,30,38
2,11,12,33,41
15,16,19,21,35
1,22,27,28,38
2,7,9,28,29
7,12,22,24,40
12,19,26,38,41
4,5,15,25,40
4,9,10,29,39
7,17,22,29,42
3,16,19,33,42
4,16,20,30,33
6,20,21,22,31
1,5,9,20,32
5,24,25,27,30
4,12,14,23,39
5,11,14,30,38
5,14,32,34,38
3,14,24,39,42
3,16,20,30,32
9,15,34,35,39
17,18,31,36,41
1,4,6,14,32
2,17,25,38,40
2,6,8,32,39
5,17,21,27,34
5,8,14,24,36
11,24,34,36,40
5,14,24,25,33
9,10,28,35,41
5,21,23,29,40
14,22,28,31,32
5,17,19,21,33
12,24,30,37,38
1,9,25,27,38
8,11,24,25,40
12,13,15,38,42
11,17,25,26,35
1,2,5,10,30
7,11,16,17,23
13,14,16,32,37
15,23,29,40,42
4,11,16,17,38
7,9,33,34,40
8,9,21,32,40
8,23,26,30,38
2,3,9,28,32
28,33,34,37,41
10,11,20,29,33
18,26,31,32,41
3,4,6,22,27
1,4,8,27,36
14,18,25,27,37
3,4,26,28,36
6,15,16,18,26
14,19,28,33,42
5,16,29,33,34
8,13,14,18,23
20,21,23,26,38
5,6,21,23,25
11,13,22,23,35
16,25,30,34,42
3,6,11,22,26
2,4,23,35,39
1,9,15,26,32
1,4,9,11,18
1,12,19,25,33
1,18,19,21,39
7,11,28,29,31
2,3,9,12,19
9,10,11,19,33
12,13,28,32,33
1,3,8,16,42
27,29,30,35,37
3,8,15,22,41
3,9,14,17,41
4,15,18,22,23
4,17,18,22,26
14,18,24,30,39
9,14,19,25,26
10,17,21,22,37
11,15,18,27,34
5,17,28,30,42
1,9,13,32,41
4,8,23,36,39
6,14,20,29,32
3,8,15,16,19
10,12,23,29,31
5,16,26,35,40
12,15,17,21,42
24,28,31,34,39
1,4,31,33,40
7,8,20,27,29
21,28,34,40,42
20,23,26,28,32
19,28,35,36,39
3,6,10,11,17
22,34,37,38,42
11,17,31,39,40
5,9,21,22,32
4,12,21,24,38
3,4,26,29,36
3,10,17,25,35
4,7,20,27,35
11,12,25,27,36
4,9,14,27,37
5,10,13,21,27
3,17,21,31,35
9,12,28,33,36
1,21,37,40,42
14,23,26,39,40
10,16,20,28,32
2,14,16,20,29
6,20,32,35,41
12,18,28,32,38
4,20,25,30,33
3,4,8,15,29
9,19,35,37,38
3,10,21,25,27
2,7,13,24,34
5,18,21,30,41
7,9,14,30,39
1,3,15,36,39
7,10,12,23,40
11,12,34,37,41
2,4,5,16,42
1,4,9,22,26
3,8,10,20,41
10,29,36,38,42
4,13,18,22,23
9,26,27,31,36
6,9,12,17,28
4,7,18,19,33
6,10,13,35,41
5,13,17,19,37
2,11,20,35,36
9,25,40,41,42
4,24,33,38,41
22,24,26,34,41
6,12,28,38,42
6,7,23,27,38
7,15,19,23,30
1,21,29,36,42
17,21,36,40,41
10,15,20,23,27
8,20,30,33,41
2,3,10,36,41
4,7,20,21,40
5,12,13,20,34
11,14,25,28,37
5,27,30,38,41
2,4,12,32,42
5,16,24,26,38
5,6,21,25,42
19,25,38,40,41
3,5,25,33,41
10,17,26,31,32
8,15,20,25,34
6,11,27,33,40
1,12,26,30,36
7,15,17,32,41
5,6,14,41,42
18,22,32,37,40
5,7,8,25,26
1,6,8,17,22
4,5,28,34,37
12,16,21,28,41
6,30,31,41,42
1,5,34,40,41
3,15,19,30,37
8,16,18,23,30
3,14,21,31,37
6,7,11,16,38
6,8,29,33,42
12,13,21,30,33
6,14,27,34,40
16,25,33,37,40
2,5,14,25,32
4,6,24,28,38
5,7,10,25,37
13,16,18,26,31
7,17,32,34,35
2,4,12,15,24
8,25,27,31,40
15,24,34,38,42
6,7,10,22,34
2,8,9,21,30
14,18,20,26,39
14,25,30,34,38
5,16,21,32,36
13,16,19,25,26
9,10,21,24,40
5,12,28,32,36
1,16,17,22,30
21,22,25,27,36
12,30,31,34,35
10,34,36,40,42
9,17,23,26,35
3,17,26,30,37
7,10,24,38,42
7,20,22,26,38
3,12,26,35,36
1,5,10,17,39
4,5,9,29,36
6,17,21,27,34
5,21,26,29,34
4,6,10,31,33
12,27,31,33,38
6,14,20,22,41
3,4,29,34,35
1,2,4,26,35
3,12,21,28,36
16,19,20,30,42
11,21,27,28,42
2,3,5,24,36
9,26,30,33,35
11,17,19,21,22
5,16,18,20,40
8,23,24,28,35
13,14,16,17,41
4,7,12,13,21
24,27,36,37,38
18,26,32,38,40
2,7,12,24,28
19,20,34,35,40
4,18,21,22,29
25,29,34,35,40
20,28,30,31,39
5,8,25,30,31
13,14,24,28,39
1,14,25,34,38
8,9,12,27,40
14,17,20,37,39
15,21,29,37,42
7,19,24,28,37
20,25,28,36,42
2,3,26,32,36
4,9,19,26,38
5,19,20,39,40
7,17,21,23,41
19,21,34,36,40
17,23,31,40,41
2,7,19,26,37
1,2,4,17,35
2,15,19,20,27
16,21,22,26,32
3,9,10,12,23
6,10,31,33,37
2,12,18,23,27
4,6,30,31,41
5,9,22,23,34
4,22,24,40,41
7,13,15,17,25
1,8,19,33,42
15,16,17,27,37
3,10,34,35,37
9,14,16,26,29
9,13,28,31,37
3,6,7,26,30
13,15,19,35,36
20,25,30,32,33
13,36,37,38,39
4,8,26,28,35
7,11,17,25,26
12,28,29,30,39
13,19,23,24,37
1,3,13,21,26
8,21,25,34,39
5,10,19,41,42
13,19,22,28,34
3,11,16,26,30
1,20,24,26,36
2,5,29,34,40
23,28,31,33,34
9,16,18,20,38
1,18,32,40,42
2,5,10,16,42
6,10,14,26,31
9,13,25,33,42
7,28,29,31,36
2,16,25,29,41
4,16,21,32,41
14,21,26,27,39
25,28,33,38,42
4,15,17,27,31
2,25,29,37,39
6,11,15,17,29
7,11,13,32,33
2,3,17,21,23
11,14,15,25,41
2,11,24,35,38
3,11,16,17,41
13,32,34,37,42
7,13,16,21,41
20,23,34,39,42
5,18,19,30,34
3,4,35,36,39
10,18,24,39,40
6,11,12,21,29
11,12,18,29,35
1,4,6,21,24
7,9,16,17,29
2,7,9,24,40
1,4,26,37,39
8,9,10,25,35
14,15,16,24,42
10,17,18,19,33
14,20,23,25,34
2,11,26,30,34
9,16,24,26,40
3,11,33,35,41
26,27,34,36,42
9,18,30,40,42
1,6,7,34,39
4,26,34,35,40
21,23,25,27,28
3,16,20,36,37
12,14,18,19,23
3,13,14,19,21
12,13,17,35,39
5,9,14,23,39
6,13,16,25,32
2,11,18,19,25
5,13,15,16,36
1,22,24,30,39
1,2,6,16,25
7,28,38,39,41
19,21,28,31,36
7,16,18,25,31
3,17,24,29,40
2,4,11,18,25
10,11,19,23,34
8,28,29,30,41
12,16,22,31,40
1,2,6,7,24
27,30,31,37,39
3,15,31,35,40
6,17,22,37,39
1,30,32,35,38
4,25,27,30,40
9,12,28,30,38
13,15,35,36,38
4,7,34,35,42
4,12,35,36,38
1,3,5,35,40
4,5,6,19,31
15,16,26,32,33
1,5,10,32,35
1,12,17,19,34
9,15,22,26,29
16,18,19,20,34
11,14,23,26,32
2,16,24,32,42
14,19,23,31,35
10,18,22,23,33
5,7,22,32,42
14,22,27,30,33
2,14,15,16,30
26,29,30,36,37
3,4,29,39,41
3,16,19,27,32
7,15,18,19,20
7,13,25,26,31
2,12,14,24,28
8,14,35,36,42
9,13,19,24,31
1,9,10,15,39
11,14,33,34,40
9,10,12,17,32
20,32,33,41,42
16,23,28,29,31
2,6,17,33,38
2,3,15,35,38
2,5,10,26,27
1,6,7,36,41
4,13,15,17,42
4,5,13,27,32
20,22,28,34,37
13,26,28,34,39
29,30,39,41,42
10,12,19,36,42
12,24,26,27,41
5,8,19,24,32
4,12,19,27,40
8,22,23,29,40
3,8,20,24,27
15,21,22,39,42
6,14,15,25,34
2,19,20,23,38
11,15,25,37,38
4,13,23,24,30
11,18,24,28,35
25,32,36,37,41
3,21,23,30,32
17,22,36,38,40
7,17,30,37,41
4,8,23,29,33
2,17,25,28,38
2,17,27,39,40
2,7,18,23,40
4,17,24,28,29
5,6,11,41,42
4,16,28,38,40
16,24,28,35,36
1,4,9,29,31
12,26,27,35,38
8,12,18,22,38
14,20,23,24,30
15,24,28,37,39
4,5,11,27,42
4,13,15,36,39
1,6,7,15,28
3,33,35,36,42
8,15,23,25,40
1,11,14,29,31
4,8,21,29,36
2,7,14,27,32
6,7,13,33,36
14,24,34,35,41
9,12,17,21,27
2,19,34,35,39
2,3,19,22,29
1,9,22,30,31
1,5,11,17,41
7,10,22,32,33
11,13,16,27,32
13,29,34,38,41
2,8,9,14,27
13,20,22,36,39
8,12,21,22,24
22,24,28,31,37
1,20,33,34,36
3,5,27,30,33
20,31,33,36,38
6,22,24,32,40
11,20,27,28,42
14,15,17,32,41
6,14,17,38,40
2,20,22,25,42
5,7,9,37,41
15,24,25,26,41
10,18,20,34,39
10,16,28,29,34
13,21,23,25,36
15,27,33,36,42
15,25,27,29,37
12,14,20,38,40
11,20,30,38,39
5,8,12,22,37
12,20,24,26,37
7,13,16,29,30
6,22,23,32,34
3,6,7,28,32
8,15,17,19,31
11,12,15,40,42
5,10,17,26,35
1,8,22,32,39
6,9,23,26,38
1,7,15,33,35
2,3,11,19,27
16,20,23,37,41
6,11,12,26,39
8,18,37,41,42
6,15,27,28,30
5,10,19,33,34
11,13,30,35,37
3,8,11,34,36
8,13,22,26,31
2,6,11,18,32
13,16,20,28,42
3,12,16,29,30
4,9,16,38,40
15,19,23,37,40
30,32,33,35,41
7,22,26,27,38
1,5,12,15,18
4,12,19,21,25
20,26,33,35,40
1,6,9,26,30
24,27,28,37,38
4,10,16,29,33
18,24,28,29,42
3,14,27,31,41
9,14,17,22,31
14,15,21,22,29
19,26,28,35,36
2,8,9,21,39
13,14,26,35,42
4,13,15,20,37
10,12,24,31,40
5,12,15,21,37
5,6,9,16,37
7,14,19,26,32
2,12,17,21,40
1,14,23,34,35
12,14,18,31,35
10,30,33,35,41
2,7,19,21,34
5,7,14,16,19
17,19,28,32,37
2,7,8,12,27
12,35,36,37,39
9,11,12,13,22
7,11,12,32,41
3,4,10,22,24
10,11,23,34,40
8,11,29,35,37
4,14,15,24,27
21,28,30,33,36
8,15,24,41,42
11,15,18,19,30
6,15,19,32,35
27,28,31,33,38
6,24,26,27,31
13,18,23,24,26
2,3,24,32,38
17,27,30,31,40
6,16,22,25,29
14,18,21,24,40
4,18,22,23,28
5,23,24,29,38
4,15,19,33,42
2,5,27,33,35
2,9,15,25,37
6,24,26,30,32
9,19,24,27,41
5,20,27,33,37
4,18,29,30,39
13,15,19,21,36
12,19,23,29,36
9,20,22,23,32
2,4,15,25,42
5,12,16,21,29
9,19,24,26,35
3,7,22,36,38
2,8,14,23,25
14,15,22,37,41
2,5,9,13,33
1,10,13,37,40
1,4,12,21,27
27,29,32,38,42
2,10,15,36,38
1,23,33,36,38
15,19,22,33,38
7,8,38,39,40
17,25,27,33,42
10,12,14,18,39
1,14,22,25,34
4,6,13,29,40
8,11,13,15,33
16,21,22,25,29
7,12,30,40,41
9,12,23,27,41
11,12,18,29,35
9,11,18,35,40
1,2,11,26,27
2,10,22,27,41
3,21,22,28,39
6,11,14,24,40
3,5,19,21,33
3,12,13,16,27
10,13,14,22,34
15,25,28,36,41
3,9,18,20,21
15,21,22,34,42
1,4,6,27,42
10,25,30,32,33
27,31,35,39,42
12,13,16,31,36
12,14,31,35,42
2,3,13,20,29
3,17,29,34,35
2,5,17,23,40
4,5,6,16,19
3,23,31,32,33
6,7,9,13,40
2,8,27,33,38
16,17,19,39,42
15,18,24,38,41
6,8,12,17,23
14,22,23,32,37
8,12,15,24,37
5,8,21,28,39
5,12,13,17,38
14,18,21,38,42
11,13,14,21,23
4,11,13,16,27
11,12,25,37,41
1,6,8,12,23
1,21,25,26,39
2,25,26,30,37
4,17,22,34,37
8,10,13,23,27
7,14,17,36,42
4,15,29,30,39
7,9,28,30,33
5,16,24,34,38
8,11,13,23,26
6,23,34,38,40
15,31,33,34,40
6,27,30,32,34
4,6,8,10,16
7,11,18,20,30
8,14,27,28,39
2,5,25,27,31
12,20,32,35,38
2,8,16,22,24
14,18,24,36,41
9,24,25,28,40
1,13,22,26,38
8,16,23,26,30
10,12,14,18,40
2,11,18,39,41
1,11,36,38,40
6,11,24,31,32
4,6,7,24,30
8,13,19,27,34
8,20,29,31,33
2,6,9,16,36
8,23,28,35,38
11,28,29,31,39
8,19,23,27,32
5,11,18,31,33
1,13,17,30,37
7,23,32,39,40
2,10,19,29,42
10,12,31,40,41
8,17,23,36,39
1,8,19,31,34
3,11,16,23,39
3,13,14,17,42
10,17,18,28,32
3,14,18,20,33
5,6,11,28,30
4,31,34,40,41
3,9,25,35,42
7,16,29,34,39
10,17,30,37,39
2,4,8,11,29
3,7,10,14,24
7,15,24,32,33
3,5,12,15,37
2,3,4,20,25
29,30,36,37,39
15,23,30,39,41
8,18,36,38,41
8,21,24,30,41
14,16,17,19,38
11,22,27,30,33
4,14,16,31,32
8,16,32,38,39
2,8,13,14,16
3,8,12,25,36
9,14,29,33,35
11,17,19,37,39
4,6,29,34,40
12,24,28,29,33
12,13,29,39,40
7,22,35,38,39
7,26,32,36,41
2,6,9,23,28
3,6,10,19,34
24,26,30,33,41
8,16,18,39,41
10,20,33,37,39
2,22,28,30,38
3,12,13,36,37
11,18,26,29,33
2,8,14,25,29
2,18,20,26,36
4,23,30,34,39
1,28,29,34,37
9,10,28,31,41
3,12,15,26,36
4,9,15,18,19
5,12,21,25,37
5,19,23,24,38
9,10,19,37,41
12,22,24,28,31
2,10,15,34,38
14,15,23,33,42
14,15,28,33,40
6,10,14,15,35
6,23,29,32,34
5,6,11,25,29
2,11,22,34,39
3,21,28,29,35
1,19,24,28,35
9,10,15,35,37
1,2,24,36,41
7,11,22,34,40
12,19,21,30,33
8,16,17,24,42
1,4,14,18,31
3,5,17,26,34
2,13,24,32,37
4,15,21,22,34
1,3,19,22,29
6,11,29,30,42
4,9,12,14,24
10,19,20,36,39
2,6,9,10,36
4,5,11,34,42
2,3,5,17,31
1,4,9,12,28
10,13,17,38,39
10,13,26,28,39
2,27,33,40,42
1,7,25,29,32
1,3,19,31,36
10,13,14,31,38
1,2,7,27,40
2,20,22,28,42
6,11,13,28,33
28,31,32,37,41
4,13,28,33,40
6,8,18,31,40
18,28,30,31,35
26,28,34,36,41
17,24,27,28,33
8,10,28,31,35
14,17,24,28,42
7,10,26,29,32
4,8,16,29,37
9,21,22,30,36
4,9,14,24,28
6,7,17,21,41
2,12,18,30,35
8,10,16,21,29
11,12,16,20,23
6,26,33,40,42
6,21,28,30,42
9,11,14,19,30
15,17,20,32,36
14,30,31,33,40
2,6,21,28,33
6,28,36,41,42
1,4,11,18,19
5,10,12,16,39
10,31,33,41,42
3,28,36,40,41
3,16,33,38,40
3,17,23,25,27
3,7,15,31,40
13,16,19,30,32
9,12,24,30,39
8,10,11,16,18
6,12,35,36,38
2,13,21,29,36
10,19,21,32,36
3,6,12,13,28
7,16,18,38,41
16,20,22,30,34
16,17,22,25,33
4,5,19,22,33
15,22,30,34,40
4,14,22,26,41
6,13,18,31,39
14,19,26,34,37
1,2,8,10,15
31,37,39,40,41
9,11,22,36,38
21,22,28,30,36
2,15,32,36,40
2,5,10,28,29
6,23,33,34,40
1,5,14,16,19
3,28,30,31,35
14,17,21,27,30
21,27,29,30,36
5,10,12,23,29
1,8,19,39,41
4,9,16,19,37
3,7,13,22,35
6,10,27,28,37
7,20,26,27,31
2,8,31,37,38
1,5,7,23,35
1,12,15,26,38
3,21,26,34,36
25,28,29,30,41
3,8,22,28,39
2,7,17,33,35
5,19,24,33,40
5,14,16,17,29
6,11,21,34,41
10,21,29,39,40
10,26,29,36,37
2,3,13,28,39
4,8,13,19,38
6,23,24,33,36
4,5,6,21,41
1,3,12,21,32
15,19,21,23,42
23,32,36,41,42
1,5,20,24,34
1,5,27,30,35
1,6,7,8,32
19,31,33,37,41
1,9,17,21,22
8,13,27,30,32
6,17,22,26,34
15,30,32,35,40
19,22,23,36,42
5,16,25,31,39
1,20,26,27,30
18,22,26,30,33
13,16,22,24,36
3,14,26,28,39
2,14,19,36,37
9,17,22,30,41
12,29,32,33,36
3,7,23,28,32
3,15,25,35,36
19,23,25,35,41
2,13,15,32,38
8,18,19,26,39
1,19,21,26,38
10,15,27,33,42
4,10,27,39,41
1,4,10,27,40
8,14,15,20,23
11,14,34,36,39
6,15,18,27,42
1,3,22,32,41
11,21,32,34,35
2,7,24,26,30
16,17,18,24,29
8,12,29,30,40
1,4,8,13,35
1,15,25,28,31
14,25,26,27,41
11,14,17,26,38
9,19,20,22,36
9,16,26,30,33
12,24,32,38,42
2,9,13,26,32
26,30,31,33,36
18,19,21,24,28
9,18,25,28,29
12,14,25,33,39
7,12,19,20,38
4,15,16,28,40
14,16,20,27,28
9,16,19,26,35
11,21,25,28,33
7,18,35,41,42
2,6,13,23,30
8,9,12,13,26
3,4,10,22,31
10,16,24,33,41
5,27,32,35,39
2,11,18,32,38
11,13,21,24,29
4,13,27,32,41
1,6,16,28,37
11,20,27,35,36
2,3,8,22,34
1,15,21,26,28
13,20,27,37,41
15,24,32,33,37
15,18,25,27,41
5,11,26,35,42
10,14,17,27,29
8,24,31,38,39
9,20,27,31,33
1,7,11,26,31
6,10,21,24,34
6,7,22,24,25
8,14,17,21,36
9,19,21,39,42
3,11,15,25,36
2,9,25,37,41
2,12,19,28,40
11,27,28,38,39
9,17,19,35,39
17,23,33,34,41
2,9,20,22,42
1,25,28,30,38
1,9,30,33,41
3,9,28,30,40
4,17,30,32,38
3,7,15,25,42
1,17,23,24,42
1,10,18,35,37
18,28,29,30,31
11,12,19,24,31
1,9,19,33,41
20,22,23,27,40
12,14,18,25,37
6,8,19,21,22
5,7,24,30,40
2,6,24,27,38
16,19,25,26,34
3,4,12,36,39
15,17,21,36,40
2,4,13,17,33
2,13,16,26,31
7,17,20,25,32
7,19,30,36,40
13,14,20,21,36
8,16,20,22,38
4,22,26,28,38
2,9,11,19,24
1,6,33,35,39
2,5,10,17,31
10,25,29,31,36
2,34,36,39,42
1,18,23,31,41
14,16,22,28,36
9,25,28,37,39
3,19,22,36,37
9,12,18,27,38
4,9,10,15,42
17,19,21,27,36
2,10,20,38,41
3,12,19,21,37
5,14,20,21,42
2,3,6,37,38
14,17,22,27,30
4,5,6,28,29
14,26,27,33,34
23,24,30,33,37
10,29,32,33,39
14,15,23,29,41
3,8,10,14,17
1,5,25,33,35
6,10,18,23,42
14,18,27,29,42
3,8,23,24,35
1,19,20,23,41
5,13,21,28,33
11,12,16,17,29
3,5,12,16,36
7,8,30,33,37
7,14,20,35,36
3,12,18,24,26
12,15,21,29,32
2,36,38,40,41
6,16,18,27,41
3,6,20,25,35
5,18,23,24,32
21,34,36,39,40
4,6,19,23,38
4,5,14,16,29
2,9,26,32,37
14,19,32,37,40
6,13,19,23,25
10,25,34,39,42
1,12,30,31,37
6,7,9,23,40
7,13,22,28,34
6,12,14,23,30
3,5,7,9,32
23,24,33,36,38
18,19,21,31,32
6,15,21,36,42
3,8,23,31,35
3,10,21,34,36
13,14,27,28,38
9,17,20,25,26
7,11,12,20,33
4,31,32,34,35
11,16,25,32,38
10,11,24,41,42
6,16,34,37,39
4,14,18,23,34
7,12,27,36,42
10,13,20,34,35
4,12,28,35,40
4,6,7,18,38
7,10,22,23,39
13,26,33,35,40
2,11,16,27,36
9,25,26,32,37
1,3,25,28,29
4,5,7,20,21
9,13,18,21,35
2,7,11,13,25
2,3,9,18,20
4,17,19,34,39
8,16,21,22,34
7,9,12,16,31
3,4,7,31,35
18,29,35,40,41
16,20,23,25,36
11,12,13,17,25
23,27,29,33,40
13,22,24,26,29
9,15,19,35,42
2,30,31,35,41
1,19,22,30,40
5,11,17,18,33
6,15,16,25,35
5,24,36,37,38
6,21,23,31,40
1,9,14,21,32
4,6,8,13,15
7,8,16,38,40
4,5,11,32,34
6,10,16,20,31
1,10,22,34,36
2,5,30,32,36
17,29,31,36,42
5,8,15,33,39
3,6,15,17,23
1,16,18,36,38
12,20,25,31,35
2,6,26,37,39
1,4,13,15,29
16,22,23,30,31
9,23,24,31,38
5,6,16,37,38
3,11,25,34,35
5,7,32,34,35
17,18,19,21,31
9,16,18,26,27
6,12,22,23,28
15,23,24,26,30
3,11,16,17,36
10,23,29,35,38
1,13,26,30,35
15,21,30,33,35
8,9,17,32,33
3,14,15,28,31
2,11,16,19,37
4,6,7,10,21
3,19,31,32,34
4,17,24,29,33
1,3,6,25,34
2,26,29,35,41
7,10,15,23,31
15,20,29,31,37
7,9,33,35,39
3,15,32,33,40
3,23,24,32,39
12,16,17,18,20
9,14,17,27,30
2,6,12,17,29
1,13,18,21,25
7,11,15,36,39
3,5,16,26,39
7,9,26,27,42
21,30,35,40,42
14,18,19,22,27
9,13,17,31,41
1,9,35,37,41
1,2,23,27,30
5,7,20,30,37
1,23,27,29,30
3,8,21,23,27
3,8,14,16,33
7,26,29,36,40
5,15,17,31,33
3,4,23,26,39
4,7,20,36,41
3,24,25,35,42
8,12,17,35,39
3,4,7,19,28
1,18,19,29,32
9,16,24,26,40
20,25,29,30,35
3,11,34,41,42
13,22,25,26,31
5,7,18,28,33
5,8,14,29,39
17,25,30,35,41
5,14,20,25,27
1,13,15,29,32
14,20,22,24,27
7,18,22,35,36
1,13,22,32,37
10,11,13,39,42
13,15,18,19,29
4,15,30,38,39
23,26,36,37,40
2,3,5,8,10
4,8,11,17,19
7,27,32,38,42
3,11,23,36,37
11,23,30,34,37
1,18,22,23,29
7,13,24,27,33
16,18,24,30,35
6,25,29,32,37
5,18,36,38,42
14,21,22,37,39
6,12,18,37,40
3,12,33,34,40
10,19,29,31,37
8,16,25,34,36
6,28,29,35,37
3,9,10,24,26
1,4,10,13,15
25,26,30,31,41
3,6,37,38,41
19,23,31,33,38
11,12,22,30,34
11,18,22,27,33
2,6,8,28,36
21,23,26,29,30
15,24,27,31,40
12,14,35,36,38
11,13,21,27,38
7,11,18,26,34
3,14,15,17,22
5,7,9,13,33
4,11,27,32,41
9,18,23,28,37
1,11,16,22,35
4,11,19,37,40
6,18,20,28,42
5,16,23,34,37
3,8,20,24,33
2,15,21,28,36
5,29,31,39,40
10,11,16,24,35
6,14,18,26,39
4,13,31,33,42
1,5,21,22,27
12,25,26,27,39
4,8,15,22,31
10,17,18,21,36
4,13,19,22,28
2,5,20,30,34
13,24,28,30,37
1,33,37,39,42
11,15,35,37,40
3,13,20,25,33
13,16,36,37,41
4,22,26,27,30
4,8,26,29,38
7,10,13,21,29
3,16,20,39,42
4,9,29,36,38
10,23,24,27,29
4,8,15,30,34
4,5,26,32,42
1,23,26,29,31
7,30,35,37,42
4,8,35,37,40
8,15,22,24,29
2,16,17,19,41
8,23,26,27,28
9,12,15,23,37
22,23,27,28,32
23,24,37,39,42
17,19,22,28,37
4,20,22,28,38
7,25,33,38,42
5,8,31,34,36
13,18,31,37,41
3,5,13,36,38
4,17,29,31,40
5,6,7,12,23
5,8,17,33,40
1,8,28,37,42
3,9,16,28,30
12,14,28,37,41
16,19,22,24,36
4,6,8,18,30
3,19,32,35,41
4,6,17,29,33
7,8,15,16,32
1,3,8,13,38
9,16,25,26,31
5,18,30,32,40
4,5,10,14,15
12,15,16,19,40
3,21,26,32,38
6,13,18,31,42
9,21,28,34,37
2,14,21,34,41
10,11,21,24,40
9,12,21,24,40
6,11,16,23,32
8,19,21,28,29
2,5,33,39,42
5,12,20,29,39
2,16,19,31,41
3,8,12,24,34
5,11,18,22,31
4,20,31,39,41
2,3,6,12,21
3,20,35,40,42
4,11,16,32,33
5,11,14,26,36
19,26,28,36,39
10,11,19,26,28
4,10,18,24,36
16,21,22,23,37
4,5,8,21,23
16,24,29,38,42
5,17,29,31,32
13,18,29,32,37
4,26,27,29,42
12,28,32,36,39
4,23,33,34,42
7,11,15,19,39
5,13,15,20,24
14,16,22,31,39
5,18,20,34,36
11,15,32,33,40
7,13,15,29,39
2,18,25,31,38
11,19,30,36,41
1,3,19,40,42
11,21,24,35,38
16,17,19,32,37
23,24,35,39,41
3,4,5,6,10
1,5,14,27,35
9,17,21,29,42
8,17,28,29,35
2,3,6,23,32
4,16,21,22,38
4,12,24,28,38
1,15,18,28,34
2,16,21,36,38
4,5,15,25,35
2,12,16,21,28
2,6,11,17,28
2,14,16,29,35
1,8,30,32,35
3,21,31,35,38
5,10,17,25,34
5,10,22,39,40
3,6,21,30,41
4,7,11,38,41
14,22,25,35,42
1,18,27,40,42
4,6,8,13,33
27,33,34,41,42
11,16,33,34,36
5,14,23,32,35
1,11,17,21,28
1,2,9,11,34
2,12,29,33,34
14,17,29,32,42
7,10,14,25,31
4,10,23,31,39
5,20,22,35,40
1,14,33,36,37
5,14,18,20,34
2,8,10,24,28
2,24,26,34,35
10,19,23,28,32
5,12,13,14,25
19,27,35,37,39
2,13,14,25,27
7,15,21,26,34
5,17,18,25,30
6,11,31,38,39
8,18,24,27,33
9,16,28,29,41
7,8,12,29,38
11,14,22,28,30
3,10,15,23,28
17,19,23,25,39
12,17,25,37,38
3,4,8,19,32
7,27,28,35,40
9,25,28,31,34
7,8,11,32,40
3,10,17,24,31
9,10,22,33,38
6,17,18,27,32
1,2,3,16,28
2,17,18,37,38
12,20,26,30,38
20,21,26,28,30
2,8,17,37,39
7,10,17,38,39
16,17,32,34,37
11,12,19,29,30
9,12,25,38,41
10,18,33,36,39
1,6,14,19,40
7,19,31,37,42
22,27,34,38,40
2,14,15,17,33
10,19,22,26,40
12,15,19,24,35
5,16,29,30,32
13,15,22,29,36
10,14,23,29,32
1,8,15,23,27
12,21,25,29,41
2,9,16,21,31
1,3,5,32,33
22,28,30,35,41
5,17,22,23,41
10,12,13,16,18
3,5,30,31,35
2,3,19,29,33
1,5,6,26,30
6,14,16,33,35
4,5,14,21,39
11,14,19,37,41
4,8,17,38,39
3,9,16,20,23
19,21,31,36,37
8,14,18,39,42
1,9,17,19,21
13,18,19,31,35
5,6,16,36,41
22,28,34,38,40
12,22,28,30,40
1,22,25,34,42
16,22,23,24,40
5,13,14,27,32
19,30,31,32,33
4,7,17,21,22
1,19,27,33,35
1,11,12,29,39
7,18,27,28,41
4,14,21,24,31
13,16,22,31,41
2,3,15,16,23
11,12,23,26,38
3,10,13,21,29
13,25,31,32,37
12,21,23,26,40
4,21,24,34,39
15,16,30,33,40
5,20,25,35,38
2,9,24,31,37
1,11,25,26,29
13,22,28,32,35
6,17,23,36,41
18,27,37,38,41
20,30,32,38,39
14,15,25,27,28
8,12,16,24,28
4,13,27,30,35
3,7,12,29,40
25,27,32,36,40
2,16,19,22,25
10,11,17,22,38
5,22,28,32,42
1,12,29,35,37
9,12,16,25,36
15,28,35,37,38
12,14,28,32,41
4,6,19,31,41
8,16,27,32,39
1,23,27,33,35
4,6,14,22,32
7,8,9,20,31
24,26,33,36,37
5,7,8,30,39
5,18,32,38,42
19,21,22,37,39
3,5,10,17,24
8,9,26,27,33
10,23,30,35,40
4,13,14,19,32
2,3,12,18,20
2,5,17,38,40
1,3,6,13,33
2,4,14,25,28
13,19,34,39,41
3,9,14,31,37
2,20,33,35,37
6,18,35,36,42
7,13,19,23,34
6,25,33,34,38
23,26,33,38,42
4,11,27,28,36
2,14,22,24,27
1,9,16,18,32
6,19,26,33,36
23,24,28,29,33
1,6,32,35,38
9,10,21,30,36
17,19,25,29,32
5,7,12,14,24
4,11,16,22,28
6,16,22,29,35
7,17,33,35,41
2,5,22,30,32
1,7,15,20,40
5,9,11,19,27
10,15,28,30,31
1,8,9,37,39
15,17,22,34,36
15,26,28,32,33
10,17,22,26,39
3,23,28,31,42
13,18,23,26,42
4,17,22,25,37
1,7,12,29,37
1,5,9,21,25
2,16,28,33,37
3,5,16,21,27
13,15,17,18,40
10,21,23,29,30
4,16,21,39,40
4,17,30,34,37
14,24,34,37,42
4,22,24,34,39
15,21,22,25,32
14,16,26,30,31
5,11,30,33,35
10,25,35,36,38
3,4,5,6,22
6,23,28,32,37
7,11,22,33,38
8,9,28,29,39
8,11,23,32,33
12,16,17,26,32
7,11,20,24,31
2,20,28,31,34
6,11,20,33,38
4,23,28,35,42
5,7,15,23,36
3,5,11,18,21
6,13,17,24,27
3,8,12,20,39
5,7,17,31,42
2,10,12,34,37
6,12,17,32,35
3,13,23,24,36
12,16,22,29,35
1,4,10,14,23
5,12,20,27,35
1,5,9,14,35
13,21,33,35,41
6,8,12,31,40
2,17,21,25,35
25,27,29,30,35
8,20,23,30,38
5,14,18,25,42
14,18,22,32,34
12,27,29,31,37
12,24,29,34,40
12,14,16,20,31
2,10,26,36,38
13,32,37,38,40
3,8,23,31,32
10,15,28,31,42
11,19,28,30,31
10,12,15,17,26
2,4,9,22,38
3,16,25,31,40
2,20,27,29,42
1,18,20,29,37
5,8,13,41,42
6,19,25,31,32
10,14,24,34,38
2,12,13,36,38
5,6,10,12,18
5,10,19,40,41
1,10,12,34,35
17,21,27,35,37
2,22,24,25,35
3,8,10,19,22
7,11,13,20,36
4,27,33,36,39
6,9,13,31,33
2,11,19,35,41
4,5,6,15,39
13,19,23,39,42
4,5,12,17,20
13,19,22,23,25
1,5,28,30,42
7,9,13,19,30
1,7,10,16,22
2,14,15,40,42
13,20,31,37,41
5,12,13,23,42
10,17,20,25,31
1,12,22,27,39
2,4,7,17,27
7,18,20,21,27
3,9,19,36,42
21,22,24,33,38
2,14,15,34,35
18,21,34,38,42
4,7,17,36,38
1,2,6,9,33
5,12,25,28,32
4,6,28,34,41
1,4,29,34,42
10,15,35,37,39
5,7,9,18,27
14,21,23,24,34
2,3,8,20,30
13,26,31,37,40
10,13,22,30,41
6,30,31,35,40
15,22,36,38,42
1,9,17,22,39
1,6,18,31,37
3,5,18,20,31
8,20,33,35,36
3,15,20,24,34
4,13,31,36,41
3,11,21,33,38
11,14,20,28,34
8,25,33,34,39
6,17,26,30,42
6,12,24,27,41
7,10,20,26,39
2,7,20,30,34
7,9,30,34,35
2,7,28,32,40
18,22,28,29,39
15,23,25,33,35
5,7,9,20,37
8,21,30,33,40
5,10,21,24,26
2,7,9,13,18
6,17,23,34,41
4,9,12,29,37
2,9,16,20,38
11,17,22,38,40
12,15,20,33,42
15,16,18,35,40
13,18,19,30,36
16,22,29,36,39
14,22,34,37,42
2,4,12,13,15
9,22,34,35,41
10,16,17,21,22
5,8,13,36,40
1,10,13,22,35
3,9,12,16,33
2,4,5,14,25
7,8,20,30,33
9,12,33,34,41
13,24,32,35,37
11,14,16,29,33
13,21,27,30,37
10,12,15,24,25
21,24,32,37,41
3,17,33,35,36
33,36,38,39,42
21,23,32,36,39
5,6,9,26,27
1,3,9,26,32
3,20,23,25,27
1,6,13,16,37
2,4,5,11,24
9,10,14,20,21
4,12,15,26,31
23,25,28,36,42
15,20,23,41,42
5,12,38,39,40
2,3,4,30,42
9,13,16,26,31
8,12,24,26,36
4,8,15,17,18
5,8,11,23,37
7,11,20,24,39
29,30,31,32,36
4,20,21,29,34
6,12,17,19,22
1,13,27,33,36
6,21,32,35,42
3,24,25,33,36
21,33,35,36,37
6,15,16,22,36
13,14,18,35,39
21,23,32,40,41
2,6,12,26,38
4,14,23,35,36
11,14,30,33,34
3,5,14,30,31
8,9,18,40,42
12,25,26,31,38
6,9,12,22,35
7,17,22,25,30
8,10,14,16,25
12,14,17,23,35
7,9,11,21,27
8,10,26,31,35
2,6,33,36,40
7,11,21,27,40
8,13,20,22,23
4,11,22,26,35
14,15,27,31,40
2,17,22,40,41
5,8,9,34,38
1,3,13,32,34
11,12,28,36,42
7,18,34,36,42
15,16,23,35,42
4,13,14,29,34
4,12,19,25,31
2,11,19,36,37
4,17,23,32,39
17,20,26,30,40
1,22,25,36,39
3,5,9,27,32
14,18,23,36,42
3,9,28,31,40
6,18,28,34,38
1,4,26,31,41
1,13,17,20,23
8,15,26,30,40
3,10,15,16,26
5,17,20,27,30
3,4,13,33,37
1,2,3,16,27
7,14,20,28,34
10,24,25,26,32
3,5,12,16,24
11,19,21,33,42
5,18,25,37,41
6,7,13,23,40
7,10,20,28,32
2,10,15,28,39
7,9,18,28,31
1,2,4,29,36
5,19,30,33,39
1,2,18,31,39
7,14,21,34,39
9,11,23,32,34
5,21,27,39,40
7,8,14,35,41
9,18,22,29,33
3,6,32,33,36
8,14,24,28,32
6,12,22,31,35
4,17,24,28,42
9,18,35,38,40
3,13,15,18,40
7,16,22,27,42
4,6,23,26,41
13,19,27,29,37
1,10,12,25,28
10,24,32,34,37
5,14,23,34,38
3,8,27,39,40
6,12,27,40,41
2,8,17,28,38
7,14,21,24,29
9,29,30,33,34
3,6,14,17,32
15,18,19,35,42
14,17,25,27,36
1,13,15,17,41
11,15,18,20,27
1,9,15,17,31
19,26,30,34,35
5,21,24,36,42
14,21,30,33,41
5,10,24,28,37
16,27,31,34,42
6,13,24,31,40
6,18,19,22,28
10,25,28,41,42
2,15,16,18,30
2,9,26,32,39
19,20,27,38,39
1,13,20,27,39
2,28,33,39,41
18,30,33,37,39
2,4,35,36,37
6,11,15,24,31
5,14,22,37,42
7,17,18,26,31
1,4,12,40,42
7,9,10,30,32
6,9,26,33,40
3,7,18,25,33
20,22,23,36,37
1,23,26,29,37
5,17,25,26,29
2,4,15,24,31
18,20,23,30,40
1,2,26,33,38
3,12,23,36,42
4,9,15,19,28
13,20,28,30,37
10,13,14,18,20
1,2,15,28,32
4,5,9,23,27
1,2,7,11,15
14,20,21,31,35
6,11,16,18,35
4,24,32,35,41
7,19,23,37,41
7,17,22,30,41
6,12,13,20,36
13,26,31,32,33
7,9,12,22,29
12,13,14,15,22
14,22,30,36,40
9,13,14,28,40
4,16,23,31,36
2,7,10,19,35
8,9,17,20,35
1,10,12,21,33
16,21,23,37,38
4,12,16,33,39
7,20,22,26,33
2,10,16,36,39
8,11,19,26,29
3,6,17,40,41
5,7,12,18,31
17,28,29,34,42
12,19,23,32,42
3,16,29,31,39
3,5,6,9,29
5,21,25,32,36
1,3,27,39,42
12,16,18,23,34
9,11,13,23,39
4,19,30,36,38
4,9,18,22,41
8,13,21,30,41
8,21,29,37,38
2,4,9,12,42
5,15,25,29,30
10,18,33,41,42
9,18,25,35,38
20,24,26,36,39
3,9,15,26,32
5,20,25,35,42
12,14,17,22,26
1,10,19,21,22
11,17,18,21,32
5,9,12,34,37
6,21,25,35,36
21,26,32,33,40
13,17,24,31,38
3,14,18,38,39
1,4,18,40,42
3,9,10,33,39
20,22,24,29,35
13,25,35,36,42
14,19,21,26,30
1,4,29,35,41
9,23,33,41,42
3,20,35,36,37
5,22,33,34,41
9,11,18,20,30
3,5,9,10,31
8,23,24,25,39
13,23,24,34,39
1,9,19,30,42
7,10,24,27,33
1,14,26,27,34
5,12,23,29,36
21,28,29,30,32
4,10,17,34,38
3,22,29,31,36
19,24,25,30,35
3,14,17,20,21
1,21,22,33,40
11,15,20,27,32
2,3,12,16,27
6,10,29,34,42
6,11,22,26,36
7,15,25,27,37
14,21,31,37,39
12,19,28,29,31
1,2,20,31,34
3,14,21,24,41
1,8,12,14,20
2,10,23,24,31
4,14,18,28,36
5,10,17,19,28
4,9,15,20,38
11,12,32,37,40
12,29,32,34,40
7,17,19,24,34
3,8,9,27,30
10,20,25,27,41
12,18,24,27,42
4,5,9,33,40
1,11,13,27,36
6,9,14,30,36
7,13,19,20,30
7,12,25,26,32
13,17,22,28,30
9,14,19,28,38
7,10,16,23,31
3,6,19,23,36
18,21,26,27,42
24,29,31,34,37
10,20,26,32,42
2,21,30,32,33
1,16,28,30,32
1,5,31,33,34
10,11,20,32,38
11,14,16,41,42
13,24,31,32,34
23,26,30,36,42
17,30,31,35,36
6,14,16,21,37
3,8,19,21,35
11,22,25,39,41
3,23,25,26,29
7,11,16,29,41
16,17,19,26,37
10,12,22,30,41
1,4,7,31,41
10,12,33,35,39
4,5,7,18,21
13,24,25,39,42
5,18,25,33,42
1,13,15,31,41
6,13,17,20,35
4,6,12,28,34
1,13,23,26,28
6,10,14,15,21
7,13,24,33,40
8,11,24,33,40
9,24,26,30,37
7,20,21,27,41
10,13,18,19,37
5,10,11,22,29
6,17,27,28,32
12,18,29,32,37
1,27,28,36,39
13,16,23,26,31
6,13,14,27,42
4,5,23,37,40
7,19,24,26,33
2,6,24,36,42
10,14,15,26,37
7,12,27,36,38
13,21,22,24,38
3,4,8,9,19
2,7,36,37,42
2,7,8,9,25
7,11,19,23,24
2,4,16,20,39
9,24,35,41,42
15,25,27,28,42
7,28,29,38,41
11,16,31,33,37
7,11,13,32,37
7,16,34,39,40
9,12,23,26,33
7,16,22,32,38
3,10,15,20,40
14,18,26,32,34
9,20,21,31,37
3,4,6,19,24
9,14,25,28,29
9,10,16,31,37
7,9,17,34,38
16,19,22,26,33
1,3,17,22,38
4,11,13,36,39
15,20,28,37,40
10,20,26,31,36
11,22,23,36,39
7,12,20,27,33
9,27,29,35,39
3,20,28,37,39
6,19,23,30,37
2,18,19,21,38
2,3,23,36,39
8,11,31,33,41
4,21,25,28,36
4,9,28,29,40
2,6,8,13,26
4,5,7,15,33
4,15,20,35,38
11,17,30,36,39
1,20,27,35,41
7,13,25,29,39
1,3,5,6,34
7,9,36,38,42
2,5,11,22,31
17,21,34,37,41
7,14,15,28,30
6,8,22,30,39
4,11,15,27,37
7,14,29,31,42
9,14,18,23,32
4,11,17,23,33
8,12,20,31,37
4,13,14,19,21
1,27,31,35,42
7,29,33,37,42
1,12,22,27,40
16,37,40,41,42
2,5,10,20,27
3,13,34,35,42
1,5,7,20,30
2,10,23,30,31
13,18,20,27,40
15,30,34,35,42
2,26,32,33,37
3,17,25,28,32
2,15,20,27,40
9,17,21,24,40
12,20,23,24,34
4,14,22,23,39
8,23,25,27,31
21,22,26,31,33
14,15,23,26,40
6,18,37,38,39
12,24,30,38,40
10,16,27,29,42
6,9,17,25,37
5,15,23,28,34
7,8,22,27,35
6,8,9,24,30
7,9,12,32,34
9,13,29,31,34
1,4,14,21,29
5,14,32,41,42
11,12,24,32,39
1,8,15,18,42
4,12,19,23,33
8,20,21,26,42
2,16,35,36,39
6,7,14,15,26
7,8,27,30,36
3,6,8,24,28
2,18,19,31,34
9,12,14,41,42
7,9,14,29,39
7,8,31,32,38
1,7,8,10,11
2,20,28,35,37
4,19,22,27,30
21,31,34,37,40
3,4,14,34,35
1,31,34,39,42
8,14,22,34,42
19,25,28,32,37
11,24,34,41,42
3,26,27,28,34
7,18,22,23,38
15,22,34,37,40
5,10,14,21,30
1,10,27,28,30
1,4,5,37,38
16,22,27,31,35
4,6,20,21,27
1,3,24,26,33
2,6,18,20,40
15,16,20,24,25
11,20,24,31,37
8,18,29,32,42
1,6,25,36,39
3,11,12,20,21
3,12,14,18,39
13,20,25,36,41
8,10,11,33,37
8,12,25,29,38
6,10,25,29,39
4,19,32,39,40
2,10,31,35,36
7,12,19,28,39
6,7,8,25,30
6,12,19,36,42
14,25,34,35,38
6,8,17,30,35
7,22,24,36,37
18,24,37,38,42
1,6,10,22,34
4,7,13,19,40
4,9,36,39,41
3,22,37,39,41
5,13,18,25,34
9,17,19,22,37
2,23,29,35,40
1,7,13,18,40
2,3,14,20,42
9,11,13,23,33
19,22,31,36,40
13,15,16,32,35
3,15,16,17,39
3,10,19,22,36
1,17,20,30,37
7,11,14,15,40
3,9,11,17,24
3,6,20,36,42
6,11,13,15,22
2,11,16,24,28
12,33,34,36,42
4,11,25,26,35
3,11,25,33,42
12,15,30,31,40
4,9,26,34,41
3,9,23,28,36
8,9,16,32,39
5,10,14,22,36
12,27,30,33,38
6,9,24,33,35
4,5,17,34,36
2,4,7,10,35
2,3,12,15,32
7,13,30,33,41
2,6,27,37,40
4,7,24,26,39
4,16,24,32,39
3,4,11,15,39
24,29,33,37,39
4,12,22,26,32
20,25,27,31,42
3,5,16,28,37
2,26,30,39,40
3,14,33,35,37
2,9,23,24,25
12,23,25,29,38
2,3,33,34,42
4,8,14,23,24
11,13,23,34,42
15,18,19,24,34
9,14,22,24,32
21,25,30,37,41
7,13,25,31,41
10,20,26,29,39
1,5,23,38,41
13,32,35,40,41
5,19,32,38,40
4,8,9,17,21
1,6,7,24,39
8,10,15,35,37
8,13,14,26,31
3,16,17,27,33
18,22,27,34,35
6,20,29,36,42
6,7,16,24,35
2,4,15,26,42
8,12,15,16,23
9,10,14,24,37
9,14,35,38,42
1,12,20,28,36
3,14,15,24,31
13,15,17,26,34
2,3,9,13,37
19,25,28,34,41
10,19,26,30,32
6,11,15,24,38
6,12,32,38,39
9,20,25,29,32
12,15,16,21,30
8,16,27,29,36
4,16,18,19,31
5,15,27,28,32
4,6,14,21,27
1,2,26,34,38
12,16,17,20,40
10,13,14,21,36
18,19,22,29,34
1,10,29,30,33
9,24,29,30,37
5,11,17,23,24
15,17,22,27,37
7,18,20,24,27
5,13,22,32,33
10,16,17,27,42
9,21,25,27,34
4,21,31,36,37
1,12,18,25,35
1,7,19,33,40
4,7,22,32,35
18,21,34,38,40
7,9,11,19,28
2,4,6,27,36
13,16,27,35,37
6,10,20,36,38
12,16,38,40,41
19,23,29,41,42
8,9,24,26,39
6,10,24,39,42
3,15,28,33,34
15,18,23,26,29
9,10,12,14,41
7,8,17,20,36
4,12,18,19,30
1,10,26,37,39
11,26,30,36,37
12,15,23,31,39
2,11,16,25,39
5,6,14,30,37
4,5,16,22,33
16,17,25,26,42
12,13,21,26,40
1,24,26,29,41
4,15,32,39,40
9,11,17,21,29
8,11,19,40,41
1,18,19,36,39
9,12,18,23,29
10,11,17,30,33
12,17,18,20,36
3,6,8,9,39
3,18,30,41,42
1,19,25,34,36
16,23,27,41,42
5,19,22,32,35
9,16,20,22,34
15,22,28,32,42
5,13,14,22,31
10,16,26,28,34
6,8,20,34,36
2,3,8,36,38
1,3,18,22,32
3,17,20,25,28
5,13,23,29,41
5,24,25,27,29
14,15,24,36,40
11,30,31,36,40
10,21,23,26,32
2,3,11,26,29
15,27,29,34,37
3,11,16,19,39
1,18,21,29,41
7,18,21,29,35
1,12,13,31,36
4,6,13,32,41
5,8,19,30,36
9,15,18,19,34
1,2,4,17,20
9,10,26,35,42
1,12,29,31,32
5,9,33,41,42
3,6,12,25,42
8,22,29,37,38
11,16,23,28,36
13,16,19,26,33
4,14,22,23,29
9,10,19,23,25
20,27,29,36,42
1,17,20,24,39
3,18,27,36,37
4,15,24,28,34
5,19,22,23,39
7,16,25,26,30
7,19,21,30,32
9,10,19,30,31
4,21,24,27,30
10,12,31,36,42
11,15,19,29,38
2,5,21,36,40
8,14,15,16,27
3,4,15,18,25
14,19,21,37,39
1,2,11,32,41
1,3,7,21,27
5,9,16,36,39
10,28,34,37,40
21,24,27,31,34
4,5,21,22,27
6,15,18,39,40
3,11,19,22,36
2,6,23,25,26
4,25,30,31,39
8,12,24,26,27
1,2,21,28,30
5,12,15,27,31
2,6,10,13,23
6,7,27,38,41
4,16,30,35,40
9,12,13,24,25
9,24,25,27,40
5,14,22,35,41
7,11,18,24,38
3,4,28,33,42
2,7,23,37,42
4,10,20,40,42
5,7,8,11,30
9,11,20,21,37
11,19,36,37,40
6,29,32,36,42
4,12,29,34,37
1,9,18,32,42
4,8,22,28,34
9,16,22,25,29
3,23,35,39,42
4,10,17,28,30
3,14,17,19,24
18,21,24,26,28
9,13,14,29,34
5,6,12,16,36
2,24,32,34,40
2,6,10,19,36
6,8,9,28,33
5,18,26,28,33
6,7,9,18,29
5,7,21,33,39
4,8,18,21,36
4,8,20,29,36
1,7,10,13,17
1,6,15,32,35
4,7,21,28,30
5,16,19,22,37
1,3,12,14,19
9,12,25,30,42
9,16,27,35,41
8,12,18,23,24
2,7,13,17,39
11,14,25,38,40
7,22,25,32,38
7,8,17,29,33
7,14,21,22,28
8,21,36,39,40
9,15,24,30,38
2,5,21,25,33
2,16,28,41,42
1,8,16,22,37
15,24,26,29,32
4,14,30,31,41
4,12,15,16,20
3,4,20,29,32
10,13,18,35,40
3,7,13,20,35
4,8,13,21,24
6,12,17,22,28
4,5,7,21,24
15,23,26,28,34
3,7,24,40,42
11,25,32,38,40
7,13,20,25,33
7,9,10,12,40
7,10,25,28,42
7,18,26,33,36
4,6,18,25,40
2,3,19,34,40
6,13,26,35,37
3,18,21,28,42
2,13,17,24,26
1,6,22,23,31
25,28,30,34,37
32,33,36,37,42
3,4,14,20,36
25,27,28,29,33
7,26,32,35,42
4,14,19,36,38
6,14,25,37,39
3,11,14,16,25
7,23,28,30,42
10,15,19,41,42
14,35,36,41,42
2,12,26,34,38
11,13,18,31,34
11,12,14,34,36
13,27,33,34,37
1,14,18,19,37
14,17,27,32,36
6,11,12,38,41
2,3,27,28,34
1,22,38,40,42
9,18,21,25,39
1,34,35,38,39
6,12,13,21,37
4,19,36,39,40
9,16,27,35,36
2,11,16,31,33
6,11,15,26,33
4,9,15,16,30
16,17,22,38,40
2,11,27,31,40
14,16,22,32,33
9,10,12,33,36
9,15,18,40,42
10,11,23,32,33
7,10,12,18,33
11,14,15,23,35
1,4,13,25,28
17,24,31,33,42
8,22,24,25,26
12,21,33,39,40
7,13,15,23,35
2,17,26,27,31
1,21,28,36,38
1,8,9,25,33
6,9,15,25,36
3,4,14,15,16
7,15,26,28,40
1,7,10,29,41
4,18,21,40,41
3,10,15,20,41
2,12,40,41,42
6,14,23,28,30
2,15,22,29,41
8,15,23,24,35
2,7,20,26,31
19,20,27,29,31
12,21,33,34,37
13,22,25,33,38
17,27,29,31,35
5,10,17,19,41
2,3,8,21,22
8,10,11,25,38
12,17,23,28,33
3,11,26,38,39
6,10,14,25,29
7,16,21,31,42
2,4,8,14,36
19,28,32,33,37
2,11,13,26,40
4,11,17,24,31
12,24,25,28,30
3,15,21,36,42
2,3,12,23,27
17,18,21,40,41
11,31,32,33,41
8,25,36,38,40
7,9,34,39,40
2,11,12,36,39
25,28,36,40,41
8,14,15,37,38
10,23,24,28,35
4,19,22,26,29
1,16,17,24,38
3,11,21,24,41
1,9,10,36,40
2,8,18,22,31
1,13,30,35,37
1,4,8,37,39
7,12,14,24,39
3,5,9,14,38
2,12,20,22,33
1,20,22,25,33
4,7,12,20,33
8,17,22,26,35
6,9,15,22,23
19,25,31,32,42
18,33,38,41,42
2,6,10,22,26
15,19,20,25,29
3,10,16,17,35
3,7,14,20,30
5,13,27,30,36
11,12,25,35,41
24,26,30,36,38
12,21,25,26,32
1,11,18,20,22
11,17,24,31,37
2,4,10,15,36
8,14,33,41,42
12,19,21,32,39
2,7,13,19,28
2,20,21,32,39
13,21,29,32,36
5,6,10,14,35
17,33,36,38,41
1,10,17,20,27
7,13,21,23,26
8,21,22,27,29
5,10,22,29,35
10,15,17,19,33
14,15,17,30,37
5,11,15,32,35
7,15,23,33,41
11,16,21,32,41
1,18,21,32,41
8,20,31,37,38
2,3,14,34,35
4,9,22,31,38
3,8,22,34,40
1,8,12,16,34
11,18,28,35,36
25,27,32,35,39
11,13,24,29,37
10,11,22,24,36
1,5,7,18,33
1,7,15,19,39
9,10,21,35,42
13,30,31,33,40
25,33,38,39,42
11,21,22,36,37
9,19,36,37,41
11,31,32,34,38
17,18,27,31,40
17,26,31,35,37
17,18,31,41,42
2,12,15,37,39
10,26,29,40,42
1,2,6,14,40
18,28,30,32,36
2,12,26,28,36
1,10,13,14,36
11,17,20,21,37
2,3,14,21,42
2,12,13,22,41
4,12,16,19,39
2,8,12,20,33
15,17,19,30,36
11,26,32,36,38
9,13,15,18,36
24,25,35,39,40
12,13,24,35,38
6,8,11,39,42
14,23,34,36,37
3,8,11,16,28
1,10,14,21,35
16,21,28,31,36
17,19,20,22,32
6,16,19,31,35
2,8,10,11,36
10,26,32,38,42
9,18,22,33,41
7,21,23,29,42
5,13,17,23,36
3,16,32,36,41
4,5,6,7,21
4,5,32,34,36
9,21,24,30,37
3,9,26,30,42
6,7,8,10,28
16,25,29,32,35
25,27,33,34,40
3,9,27,30,33
1,2,13,14,19
4,23,24,29,36
4,6,7,34,41
4,7,21,22,34
15,19,22,26,41
3,23,24,25,39
2,7,16,18,41
1,13,18,21,38
8,28,30,33,36
4,23,29,32,40
16,23,24,29,31
6,21,33,37,38
1,9,13,21,40
2,8,24,27,37
9,17,30,33,40
5,12,14,15,24
1,11,19,26,36
4,7,16,20,31
9,18,24,25,26
8,10,12,18,41
11,12,19,33,38
2,6,14,25,28
1,2,6,14,28
1,7,9,34,35
16,21,25,31,35
14,16,17,19,35
7,20,30,31,36
18,23,28,36,39
5,6,8,20,42
5,6,9,24,27
19,25,27,38,40
7,9,17,24,42
11,18,28,33,36
16,36,37,39,40
2,17,27,38,42
2,14,22,37,38
14,33,34,36,40
2,5,9,13,14
5,21,25,30,37
3,8,28,31,35
3,7,8,13,38
1,20,25,28,42
7,18,29,30,34
6,18,24,35,37
2,10,25,39,40
4,12,19,25,37
22,23,25,28,41
10,17,19,23,42
7,25,28,30,42
4,18,21,36,37
15,21,22,33,41
2,13,16,21,31
3,10,15,28,39
11,12,30,33,36
6,7,23,28,31
3,16,26,34,39
3,8,13,20,40
18,24,26,28,31
7,20,28,31,33
1,2,7,9,24
1,13,19,23,29
9,14,18,33,37
4,33,34,39,40
8,12,19,20,41
2,7,21,31,41
4,5,22,27,29
12,21,26,33,37
4,8,26,31,33
2,5,25,27,30
2,10,20,26,31
5,19,22,25,28
6,13,18,23,37
20,25,28,33,38
2,16,24,25,39
3,8,9,12,32
16,22,25,36,41
2,12,18,31,41
5,15,16,31,38
5,11,22,24,33
4,6,29,32,34
10,21,37,39,41
1,12,15,21,35
1,4,6,12,32
20,23,27,30,31
2,10,11,12,16
2,22,24,37,40
19,22,34,39,42
17,20,38,39,42
4,7,11,29,41
6,27,29,37,40
8,19,25,31,40
5,7,14,16,30
6,10,29,35,42
3,6,7,25,34
3,7,28,29,31
15,16,27,28,41
4,16,25,26,36
2,6,13,16,24
5,8,10,11,28
4,15,21,23,42
7,11,22,23,32
16,21,32,33,37
2,7,8,19,34
8,18,19,34,41
11,23,24,35,39
4,18,25,30,31
3,5,18,23,24
2,12,19,21,35
6,14,28,35,39
7,8,15,31,39
12,13,17,24,35
6,9,23,26,34
1,15,18,29,32
8,19,20,23,36
5,9,12,13,31
6,7,21,26,36
2,9,10,15,36
5,6,11,14,39
4,6,14,17,21
5,6,13,14,15
5,11,24,25,27
1,14,16,33,41
5,15,24,25,34
4,16,19,24,39
3,11,24,33,34
5,9,11,16,27
4,10,11,13,28
8,18,23,32,34
16,18,22,25,29
7,11,20,38,42
4,9,16,31,41
14,29,35,37,42
17,18,26,28,31
5,8,24,27,32
5,8,17,26,40
10,12,21,25,27
4,14,20,31,38
11,20,24,26,42
15,17,19,33,38
19,20,29,35,40
7,9,14,15,39
1,11,13,14,42
12,16,26,37,39
9,22,29,38,39
12,16,23,25,33
7,32,33,37,38
18,25,28,33,39
1,9,22,24,25
7,13,15,38,41
4,8,19,24,32
10,20,23,37,42
6,13,32,41,42
3,5,17,19,21
18,19,21,32,41
1,5,10,22,26
9,21,27,31,33
6,8,16,21,42
1,12,26,37,42
7,23,33,39,40
10,18,24,34,36
7,13,23,34,40
16,22,27,28,41
9,10,20,22,38
3,9,22,29,32
4,13,27,40,41
4,15,21,23,39
1,14,16,17,18
3,8,19,30,35
7,26,32,36,40
4,16,19,20,25
7,19,24,27,40
6,11,16,25,40
3,6,14,15,27
21,25,26,32,33
7,14,15,26,29
8,21,22,31,35
5,8,25,38,41
7,27,31,34,42
11,21,26,31,35
15,17,25,34,38
8,11,15,16,21
3,26,30,31,41
5,7,15,31,32
8,15,16,20,33
2,5,10,23,36
12,28,30,33,37
8,14,19,23,39
1,5,18,21,29
13,25,34,38,40
5,29,31,33,39
18,23,24,34,39
3,6,17,30,36
5,14,20,28,38
8,21,24,37,38
4,5,10,19,35
7,21,35,37,38
17,20,21,27,38
3,5,11,20,36
2,13,32,40,41
20,28,29,35,36
5,20,25,35,36
4,6,13,22,30
9,14,26,36,37
6,7,8,21,23
10,11,19,21,41
15,28,33,38,42
4,20,22,24,25
1,13,16,20,22
7,28,29,32,41
6,18,21,22,26
4,26,30,34,41
2,19,25,33,39
12,16,32,35,38
1,8,12,22,35
5,14,15,26,33
6,19,22,40,42
15,19,31,35,36
12,26,29,31,34
12,28,32,33,41
1,4,13,24,32
2,12,18,21,42
16,18,21,30,36
3,5,15,26,40
1,5,8,38,39
2,4,16,37,42
8,12,18,21,37
7,15,18,38,40
13,21,25,27,38
4,30,38,39,41
2,27,35,36,37
9,22,27,29,41
8,10,34,35,41
11,23,24,34,36
2,14,21,23,34
12,14,17,18,21
3,12,13,25,37
10,30,38,40,42
6,11,14,18,19
15,17,21,25,36
12,18,20,33,42
5,9,16,20,31
11,12,19,32,33
1,26,35,37,40
12,16,29,36,42
3,7,12,24,31
12,18,23,26,33
8,9,11,26,38
1,6,17,34,39
4,22,25,30,35
15,17,19,24,34
12,14,17,23,35
11,22,25,35,36
9,13,21,22,41
10,16,33,37,41
2,21,24,35,37
4,7,29,36,40
5,10,12,16,29
5,9,15,25,36
9,10,18,21,31
1,14,24,25,26
7,9,21,39,42
4,7,17,19,33
9,24,26,36,42
7,16,34,38,40
4,17,19,21,25
18,26,33,34,40
11,13,36,37,40
1,6,17,18,29
5,16,20,26,41
3,7,20,36,39
2,3,23,27,32
3,10,13,29,32
3,21,25,26,42
1,16,17,35,42
1,7,12,19,26
2,7,14,24,28
4,7,11,22,39
1,8,10,11,30
5,12,29,34,37
10,15,18,26,38
7,15,22,31,35
4,7,11,23,24
6,10,31,41,42
12,15,34,36,37
8,14,21,25,40
11,12,13,16,27
1,8,9,25,35
5,17,19,30,32
17,18,21,24,40
11,12,23,39,40
20,24,25,27,30
7,10,11,21,23
5,15,20,23,27
4,5,23,26,27
3,5,10,13,34
17,18,27,29,42
7,13,19,33,41
11,18,20,28,35
10,14,19,23,25
5,12,34,36,38
5,16,18,23,41
2,19,22,26,28
3,19,20,30,38
1,6,12,18,21
5,8,13,20,29
14,26,29,33,42
1,4,19,25,40
3,15,24,31,38
2,4,15,23,33
2,4,5,13,36
12,13,23,35,42
2,11,12,27,42
8,14,19,31,33
4,9,14,15,24
9,18,25,35,42
9,11,15,16,24
2,4,5,28,42
7,19,25,29,34
4,16,28,29,33
5,16,28,30,41
5,25,28,30,31
8,20,22,24,33
4,13,19,30,34
18,21,32,34,42
9,26,39,40,41
1,13,30,41,42
1,12,16,34,41
5,13,26,28,37
5,8,9,26,41
1,5,22,28,36
16,18,25,39,42
4,6,7,15,16
13,19,30,36,42
7,16,25,35,38
1,8,14,28,35
1,13,18,27,32
6,14,19,27,37
2,18,37,38,40
16,22,27,32,38
10,15,23,29,38
8,18,27,38,39
4,6,10,18,34
19,20,22,33,35
17,23,27,33,42
7,19,20,24,33
4,23,39,40,42
18,22,24,32,34
7,15,22,25,37
2,12,18,21,35
4,16,21,24,32
5,20,29,35,38
16,17,27,29,33
12,34,36,41,42
2,16,35,36,39
3,23,28,29,41
1,2,6,15,39
14,21,22,23,27
14,17,19,39,41
9,10,17,28,36
26,29,30,33,35
2,8,11,18,32
15,16,20,25,37
1,3,22,33,35
14,18,36,39,40
8,18,19,27,37
3,5,17,25,37
14,18,25,28,33
6,14,21,25,39
1,5,28,31,34
4,8,16,24,42
1,17,26,29,35
18,27,32,34,37
2,6,7,22,27
6,16,27,30,41
10,17,27,34,36
4,8,30,33,42
9,12,18,33,42
10,18,20,23,28
15,25,31,32,35
1,5,11,28,38
3,27,32,33,41
4,13,22,30,35
1,23,34,40,41
15,18,21,22,32
1,11,28,34,36
8,19,36,39,40
4,12,13,19,28
13,15,32,36,40
5,10,13,18,35
8,22,24,26,40
1,6,11,12,37
3,19,23,30,35
13,16,20,27,41
3,13,15,21,27
19,23,32,37,39
24,25,27,36,41
6,14,34,36,38
6,19,20,30,33
5,18,22,23,28
13,17,18,19,33
7,10,16,38,42
8,9,18,21,23
4,5,18,21,25
10,24,31,32,38
6,12,23,29,31
12,18,28,39,40
2,4,19,22,30
12,14,24,27,32
3,11,23,25,39
21,23,28,34,42
17,20,25,30,32
22,32,36,38,40
3,7,13,25,28
1,10,18,25,37
4,10,28,34,37
1,4,29,36,40
10,14,23,36,38
23,25,27,37,40
9,15,23,25,36
12,19,20,24,33
13,31,35,37,42
3,17,20,25,26
7,15,21,27,40
3,17,33,39,41
10,18,20,22,35
2,5,20,25,42
2,21,26,28,40
1,6,8,32,39
4,5,26,33,40
5,7,23,32,39
16,20,33,37,39
1,19,24,26,40
6,9,11,36,38
3,6,9,22,26
1,6,13,17,18
2,3,6,32,36
15,17,27,31,34
4,5,23,41,42
15,34,39,41,42
7,8,9,24,41
6,14,30,31,34
3,4,9,11,14
1,3,24,33,39
1,2,3,11,22
14,15,17,31,36
10,12,22,26,42
3,4,14,18,21
14,15,19,36,38
10,14,21,33,40
1,9,30,37,39
11,12,32,33,41
4,9,24,29,38
8,11,18,22,39
11,14,16,21,34
10,21,22,24,40
17,20,24,31,33
12,20,27,32,39
6,10,16,26,34
1,4,9,29,33
11,21,34,37,38
6,33,37,40,41
4,13,16,19,31
2,23,24,36,42
4,11,22,27,29
3,5,10,25,29
6,10,17,18,37
4,6,24,34,38
18,20,25,36,41
19,28,29,32,35
3,25,30,31,40
4,6,31,38,39
12,15,17,37,39
2,4,12,25,30
12,23,35,37,39
11,20,23,27,41
4,16,20,26,42
4,14,18,37,41
4,15,18,19,42
8,14,17,34,41
5,16,18,23,29
27,36,37,40,41
3,13,20,23,40
7,20,28,30,40
8,10,17,25,29
20,25,28,39,41
11,14,17,39,42
4,36,37,41,42
4,9,18,24,33
4,16,28,33,41
11,13,19,32,40
9,11,14,26,39
7,16,25,30,31
13,21,26,33,37
5,13,15,22,41
10,18,29,34,42
11,17,23,31,34
9,22,25,40,41
1,6,25,33,37
6,17,18,24,30
7,17,20,21,36
12,13,18,20,28
2,16,20,33,39
1,6,13,35,37
2,4,16,28,33
10,12,18,21,39
17,28,33,38,41
6,21,29,30,32
12,31,34,37,38
4,18,19,28,39
14,18,24,26,38
17,25,28,37,39
11,12,27,29,31
12,13,22,38,41
16,17,28,30,40
2,13,15,29,36
8,17,20,25,31
8,12,18,20,27
2,5,10,26,27
2,3,9,31,32
1,20,28,29,41
7,14,16,27,41
1,5,16,21,25
23,29,30,31,34
2,26,30,31,38
1,4,9,14,18
10,28,30,34,38
23,33,34,37,38
7,22,27,33,36
4,15,19,26,39
3,13,16,30,39
14,20,31,34,39
2,3,15,31,35
6,16,26,30,42
23,24,25,31,42
8,9,19,39,40
16,19,25,39,40
11,18,24,34,41
3,5,19,28,33
1,9,25,38,41
12,15,37,38,39
2,4,17,19,41
12,16,26,34,36
3,30,34,36,37
5,6,17,21,27
2,15,19,31,32
19,27,28,35,38
2,17,23,32,36
1,22,26,28,29
1,5,13,26,29
9,17,18,37,40
7,8,18,20,42
13,18,20,22,41
4,11,20,24,36
1,3,11,34,39
2,13,14,25,41
19,28,30,38,40
7,18,20,21,26
8,18,33,38,39
12,16,22,34,39
6,27,29,35,38
1,10,12,26,32
10,19,24,28,36
2,18,32,34,39
1,15,23,26,40
13,15,33,35,41
1,3,15,21,35
26,31,33,40,41
8,22,23,37,41
3,17,26,31,41
13,14,18,23,42
3,6,9,26,33
4,27,31,32,39
8,10,11,13,37
3,13,19,28,29
9,12,18,26,35
3,4,7,8,34
4,8,10,37,39
5,6,16,32,33
16,19,24,27,37
6,17,21,23,30
12,22,23,25,28
7,15,24,41,42
7,15,23,41,42
9,26,28,35,36
7,25,34,37,42
2,4,26,28,36
10,12,15,20,23
8,24,26,30,40
1,5,12,13,38
1,6,21,39,41
5,6,11,14,25
7,20,31,34,36
11,15,16,21,37
11,23,26,30,36
24,27,33,38,39
9,14,23,32,33
11,19,20,25,26
1,5,11,15,22
4,7,13,16,31
3,4,12,19,39
2,18,32,41,42
3,10,12,27,36
3,14,20,23,24
2,6,17,19,22
4,6,8,16,38
3,14,25,35,36
4,9,21,23,30
14,16,20,34,41
1,2,6,11,37
3,20,24,29,33
3,10,13,19,21
2,13,14,36,42
20,23,30,34,35
8,17,25,36,39
4,6,20,24,41
11,12,17,36,42
5,25,28,36,41
8,20,27,38,39
23,25,27,32,39
25,28,35,36,41
10,12,15,17,38
2,11,35,36,38
27,33,34,37,40
10,14,33,37,39
3,14,15,23,37
6,13,15,37,40
1,2,21,24,26
4,20,26,31,33
10,13,28,32,34
4,12,14,15,21
6,14,22,27,33
1,21,23,28,40
20,24,33,36,37
10,22,27,29,40
6,18,23,34,38
2,9,16,26,41
14,17,33,37,41
9,14,22,34,35
9,11,12,17,41
9,16,25,34,42
4,15,16,27,39
1,6,7,17,39
3,4,14,18,30
9,15,18,31,35
2,3,17,19,33
11,16,24,31,37
6,9,11,27,36
14,27,30,35,38
3,8,13,37,38
11,13,23,28,33
3,22,26,29,38
2,5,16,32,42
4,5,12,15,21
10,15,20,32,38
5,9,11,23,33
9,12,17,22,40
6,7,8,19,23
1,9,19,25,32
3,16,20,30,42
10,12,22,34,40
10,23,34,36,37
6,27,30,33,37
3,22,26,33,36
2,11,17,30,39
9,18,31,41,42
2,7,18,24,34
18,25,26,31,41
3,4,26,28,34
5,17,27,36,41
10,25,30,31,33
3,6,15,24,42
1,24,35,38,39
5,13,19,24,25
1,12,29,37,41
10,13,14,21,32
3,7,25,29,35
1,24,31,35,41
3,8,18,19,29
2,5,10,35,36
1,13,15,28,33
4,26,27,34,38
4,7,15,21,42
1,15,25,36,41
12,13,15,26,28
10,12,30,39,41
6,20,26,27,28
11,19,31,36,39
7,28,36,38,39
1,9,15,17,35
2,13,19,30,37
11,12,23,32,34
8,19,23,24,42
11,20,26,31,33
4,5,21,27,36
3,9,27,29,33
12,19,21,22,33
7,16,29,30,41
8,13,16,23,32
3,8,15,20,29
3,13,16,30,36
1,2,31,33,41
4,6,29,36,42
21,22,24,36,38
5,17,20,25,34
2,4,7,15,19
1,18,28,30,33
19,21,30,32,35
1,10,11,32,35
1,9,11,14,15
29,35,37,38,40
10,11,26,31,38
21,25,26,31,39
4,5,18,31,40
3,7,29,35,39
6,7,11,14,26
3,9,15,30,41
1,11,32,41,42
7,18,20,29,41
7,15,24,35,36
7,13,37,39,41
2,9,19,29,41
12,25,32,33,34
12,22,25,29,35
15,21,26,30,41
4,12,18,25,42
15,17,29,34,38
1,11,30,32,40
1,13,28,39,42
7,15,30,35,36
3,11,12,15,31
5,17,30,35,36
7,9,17,30,37
1,14,18,19,20
11,19,29,35,42
15,23,24,27,31
1,12,16,36,42
16,20,30,33,35
8,22,26,37,42
8,17,25,31,39
13,23,26,28,42
7,9,26,33,41
6,10,33,36,42
4,25,33,37,40
4,6,16,23,24
3,5,20,27,38
8,9,10,15,22
6,14,19,33,35
3,17,33,35,42
2,12,17,20,41
17,24,28,32,41
6,19,20,21,42
15,16,21,31,38
4,13,21,32,37
2,10,11,23,25
3,8,14,31,35
5,16,26,30,40
11,21,28,30,34
5,11,21,26,34
4,10,17,34,36
5,9,27,29,35
1,10,15,16,32
10,12,19,25,28
1,7,18,34,35
6,20,22,23,26
2,7,11,20,25
7,34,40,41,42
4,28,32,41,42
16,33,36,38,41
7,9,28,36,39
10,30,33,38,39
5,8,9,25,40
2,13,16,38,39
6,14,15,21,34
7,10,16,18,32
6,15,16,22,23
17,19,22,26,31
4,10,16,31,35
14,19,21,31,40
20,22,32,33,37
20,25,26,30,31
5,17,19,23,36
2,11,17,22,37
1,4,9,14,34
4,25,30,32,40
10,12,21,25,32
4,16,18,20,25
8,14,19,22,38
11,20,26,27,40
1,15,28,30,37
1,2,9,15,39
12,14,34,35,36
11,13,21,23,33
1,11,22,23,32
5,8,18,20,26
1,22,28,29,39
3,4,5,10,12
6,12,20,21,37
21,23,34,36,37
1,15,18,37,41
1,5,10,15,16
10,26,30,35,42
3,4,14,20,22
2,19,20,29,37
9,12,22,30,33
10,20,24,31,36
6,17,23,26,38
9,12,26,34,42
13,20,29,31,32
8,10,29,31,38
12,24,27,41,42
2,3,10,21,25
3,11,12,27,42
8,13,24,38,39
3,4,8,26,29
9,10,26,29,31
12,15,27,36,37
16,17,31,37,39
14,28,29,39,41
3,12,14,18,34
8,12,13,39,40
4,10,20,27,30
1,27,30,31,34
5,22,29,38,42
8,16,32,39,40
3,30,32,39,41
25,27,29,37,38
2,7,25,30,42
12,14,22,26,30
9,17,20,24,26
6,9,10,13,17
3,7,12,23,24
3,15,17,32,36
13,15,17,21,38
2,5,20,23,35
4,9,10,16,33
1,5,13,21,37
1,10,20,23,29
2,25,26,37,42
1,23,25,36,40
3,5,25,26,34
10,11,16,29,35
3,7,13,23,30
5,9,13,21,25
4,10,18,38,41
1,8,23,28,32
15,24,25,30,40
2,9,16,20,24
2,7,34,40,41
4,11,13,27,34
5,14,23,29,42
7,14,21,24,31
7,10,13,14,21
2,3,12,22,34
10,17,21,39,40
1,2,26,27,35
5,7,28,29,35
8,12,25,33,42
11,14,16,29,36
8,9,27,35,40
4,15,23,35,40
6,15,17,26,41
3,15,23,33,40
9,16,19,20,35
5,10,12,40,42
16,30,31,38,40
2,7,8,15,41
20,22,38,39,41
3,11,14,17,40
5,7,12,22,38
15,17,24,26,39
4,11,19,21,37
1,19,29,30,40
3,5,32,33,41
6,25,27,36,39
2,8,22,36,38
18,28,32,33,35
4,12,23,33,41
5,11,16,20,41
1,4,21,22,38
4,9,19,24,32
12,26,31,32,34
7,14,22,24,32
30,31,33,37,39
6,11,18,22,38
4,12,21,29,34
15,18,26,30,34
10,13,14,21,39
9,18,20,30,41
17,23,32,33,40
7,14,23,32,40
7,14,23,35,39
7,15,20,38,41
8,11,12,24,33
2,5,34,38,42
1,5,32,36,40
1,2,11,26,27
5,14,19,25,40
5,25,26,28,31
3,12,13,17,29
6,19,29,30,39
5,8,19,41,42
13,14,18,20,39
2,5,9,19,39
3,5,9,18,21
3,7,14,22,41
20,22,25,28,38
4,11,12,14,28
1,9,13,32,36
3,6,17,19,38
4,30,33,37,39
7,9,16,19,35
1,9,26,28,37
15,23,32,33,38
11,26,40,41,42
1,13,24,38,42
4,6,38,39,41
15,21,30,31,38
9,20,22,23,29
5,24,27,28,38
9,10,11,25,31
18,23,29,31,39
3,4,9,30,35
12,19,21,35,37
22,28,29,34,35
21,22,32,35,42
3,6,9,13,39
2,8,10,22,41
9,12,15,18,36
4,8,9,28,32
4,8,9,15,19
6,14,25,30,42
5,15,30,37,38
15,18,26,27,32
7,16,18,25,28
5,10,23,26,28
11,15,30,33,40
4,21,33,37,41
1,13,14,18,26
1,2,17,35,37
3,9,24,32,35
3,19,34,39,41
9,19,27,31,37
15,23,24,32,35
7,21,24,38,39
4,5,19,23,34
8,25,30,32,42
5,12,13,32,37
2,8,13,33,35
3,5,9,11,17
2,6,7,21,27
2,10,14,23,39
6,8,19,24,42
2,10,13,14,30
4,22,23,24,37
3,20,23,41,42
1,18,24,31,32
17,21,24,38,41
10,15,30,35,36
12,21,25,34,41
2,12,24,32,38
5,12,16,22,35
4,5,14,28,37
10,11,18,20,35
6,7,8,21,41
1,7,11,16,19
9,25,29,32,33
11,18,19,24,28
6,16,31,34,39
6,23,30,36,39
14,23,26,37,39
5,17,22,30,39
9,10,22,23,36
12,13,14,24,34
10,14,24,26,28
9,11,23,26,36
15,16,17,26,31
3,7,14,17,33
5,7,20,24,36
13,16,22,36,38
5,10,26,34,40
3,7,21,32,38
4,22,23,36,42
22,25,28,30,32
19,26,30,33,38
5,7,14,17,27
5,8,10,19,30
16,20,22,23,31
26,31,32,38,40
8,30,33,35,41
8,14,37,39,41
3,5,12,26,36
9,11,18,23,32
1,4,14,34,37
20,25,26,29,33
5,14,18,28,39
12,21,33,36,39
8,18,29,32,33
6,13,17,25,31
10,14,31,37,42
15,32,36,38,42
9,33,37,39,40
10,14,20,25,34
7,11,13,31,32
11,12,26,29,34
12,25,29,37,41
2,7,19,27,29
13,22,29,36,37
5,10,28,37,42
11,21,28,31,38
6,16,25,28,33
2,7,12,22,24
6,8,25,28,41
5,6,12,32,34
4,8,15,23,36
1,6,25,28,34
7,17,25,28,42
7,10,11,26,39
17,22,30,36,41
7,14,20,27,32
1,5,15,16,29
18,24,30,33,34
5,12,15,20,36
25,29,37,40,42
4,8,14,34,41
8,19,23,26,34
16,23,27,30,37
9,20,26,32,40
3,6,14,17,35
1,17,18,30,41
6,19,20,21,26
11,13,15,17,39
1,23,31,32,41
9,11,16,38,39
12,18,23,25,26
18,21,28,29,36
3,28,29,37,38
2,5,26,30,36
10,12,27,32,33
5,6,32,33,39
5,13,30,32,42
1,16,17,18,29
13,30,36,39,41
12,22,31,36,42
10,16,20,23,39
5,16,19,21,26
2,17,24,26,34
